$SPEC_ID:
Cesio_23_maggio
$SPEC_REM:
DET# 9
DETDESC# COMPTON
AP# Maestro Version 7.01
$DATE_MEA:
03/20/2018 16:16:23
$MEAS_TIM:
300 310
$DATA:
0 8191
       0
       0
       0
       0
       0
       0
       0
       0
       0
       0
       0
       0
       0
       0
       0
       0
       0
       0
       0
       0
       0
       0
       0
       0
       0
       1
       1
       1
       0
       2
       4
       4
       9
      15
      15
      18
      30
      50
      55
      78
      75
      93
      87
     121
     151
     181
     257
     294
     445
     598
     988
    2296
    5259
    8864
   12769
   20826
   32224
   37681
   38007
   36865
   36040
   35393
   34108
   33254
   33722
   33863
   32101
   30417
   28975
   27840
   26903
   26136
   25349
   24913
   24430
   23645
   23020
   22642
   22121
   21560
   21353
   20723
   19971
   19681
   19155
   18970
   18545
   17602
   17688
   17144
   16661
   15997
   15707
   15201
   14975
   14689
   14417
   13988
   13659
   13336
   13004
   12705
   12225
   12052
   11566
   11281
   10736
   10607
   10254
    9791
    9199
    9297
    8746
    8537
    8449
    8020
    7691
    7606
    7581
    7523
    7153
    7159
    6903
    6833
    6849
    6552
    6532
    6310
    6231
    5907
    5627
    5480
    5392
    5138
    4894
    4764
    4811
    4546
    4343
    4419
    4221
    4261
    4197
    4268
    4212
    4162
    4216
    4242
    4419
    4387
    4354
    4548
    4500
    4594
    4496
    4618
    4654
    4654
    4676
    4563
    4488
    4427
    4375
    4450
    4308
    4073
    4114
    4121
    3962
    4006
    3875
    4005
    3811
    3772
    3730
    3572
    3442
    3424
    3315
    3259
    3245
    3038
    3043
    2997
    2901
    2745
    2664
    2614
    2478
    2418
    2352
    2185
    2188
    1947
    1961
    1855
    1809
    1666
    1583
    1557
    1434
    1390
    1273
    1238
    1185
    1151
    1124
    1091
    1062
     987
     915
     929
     917
     819
     898
     853
     767
     758
     781
     720
     752
     809
     828
     817
     832
     863
     863
     818
     873
     914
     926
     970
     966
     997
     976
    1002
     946
     953
     940
     921
     916
     891
     907
     809
     795
     760
     747
     651
     682
     600
     517
     545
     536
     497
     514
     435
     409
     372
     386
     355
     328
     304
     305
     237
     210
     216
     173
     170
     133
     132
     133
     109
      79
      71
      73
      67
      54
      69
      50
      46
      47
      50
      38
      42
      30
      47
      28
      31
      36
      38
      35
      41
      35
      35
      23
      22
      31
      30
      26
      28
      25
      29
      32
      33
      25
      26
      31
      28
      19
      35
      26
      31
      26
      34
      33
      40
      26
      28
      32
      22
      25
      47
      37
      38
      33
      37
      38
      29
      28
      22
      29
      34
      41
      41
      27
      29
      28
      32
      32
      31
      29
      37
      36
      40
      40
      34
      33
      37
      34
      38
      40
      32
      35
      31
      42
      46
      38
      44
      29
      42
      41
      42
      31
      39
      38
      33
      43
      31
      36
      32
      45
      34
      43
      39
      48
      33
      36
      31
      28
      50
      31
      37
      42
      50
      38
      41
      56
      46
      31
      38
      36
      43
      33
      36
      47
      43
      35
      46
      36
      36
      37
      35
      47
      47
      32
      34
      37
      36
      49
      41
      41
      27
      36
      53
      52
      46
      37
      50
      38
      34
      42
      35
      46
      35
      43
      36
      27
      50
      35
      46
      43
      49
      44
      34
      49
      38
      36
      42
      34
      36
      35
      32
      38
      35
      46
      36
      38
      42
      54
      48
      52
      41
      45
      47
      35
      40
      34
      42
      45
      39
      35
      32
      42
      38
      37
      29
      43
      31
      41
      39
      38
      41
      41
      37
      39
      36
      40
      48
      34
      43
      41
      47
      40
      49
      33
      40
      38
      42
      41
      47
      41
      54
      43
      41
      35
      45
      37
      42
      39
      37
      49
      31
      41
      24
      32
      49
      39
      30
      42
      34
      45
      33
      38
      44
      36
      43
      35
      49
      47
      48
      39
      42
      53
      41
      36
      35
      43
      34
      39
      37
      41
      41
      36
      32
      34
      41
      32
      46
      33
      42
      49
      35
      33
      30
      37
      48
      36
      36
      42
      33
      37
      32
      44
      36
      42
      48
      45
      30
      37
      49
      44
      42
      42
      50
      47
      37
      38
      37
      39
      45
      37
      43
      42
      40
      36
      38
      50
      47
      36
      34
      40
      41
      33
      41
      36
      43
      34
      44
      46
      42
      43
      53
      39
      53
      48
      41
      41
      43
      39
      46
      44
      37
      35
      52
      41
      39
      36
      41
      43
      41
      47
      40
      37
      39
      36
      37
      43
      35
      44
      38
      57
      52
      42
      38
      36
      46
      38
      56
      27
      47
      40
      39
      40
      34
      41
      44
      34
      35
      46
      54
      34
      29
      46
      61
      48
      31
      46
      34
      35
      50
      37
      27
      47
      43
      48
      40
      34
      43
      39
      50
      39
      33
      38
      37
      37
      46
      42
      40
      31
      25
      48
      37
      41
      42
      35
      36
      40
      37
      46
      41
      47
      50
      42
      39
      47
      40
      55
      41
      36
      48
      53
      34
      45
      51
      46
      32
      44
      39
      45
      36
      40
      41
      43
      44
      37
      39
      39
      43
      41
      36
      40
      48
      46
      29
      49
      38
      37
      55
      40
      42
      33
      41
      42
      35
      36
      38
      40
      42
      39
      47
      39
      37
      39
      34
      54
      37
      52
      47
      46
      46
      28
      36
      48
      54
      46
      40
      57
      37
      41
      39
      52
      40
      31
      33
      33
      40
      39
      35
      42
      37
      46
      38
      55
      31
      34
      48
      31
      45
      36
      44
      47
      48
      40
      47
      50
      53
      53
      47
      50
      50
      49
      48
      55
      44
      45
      47
      49
      51
      36
      52
      43
      44
      42
      44
      40
      43
      46
      29
      39
      40
      53
      44
      58
      52
      35
      40
      42
      44
      38
      47
      49
      31
      50
      55
      38
      48
      48
      45
      44
      36
      50
      50
      59
      52
      51
      42
      61
      43
      35
      39
      45
      55
      44
      42
      51
      46
      54
      39
      49
      47
      49
      46
      37
      49
      60
      55
      49
      46
      48
      47
      48
      37
      58
      40
      51
      51
      53
      52
      42
      57
      37
      43
      48
      47
      40
      40
      54
      41
      58
      54
      39
      53
      55
      50
      49
      44
      46
      53
      46
      47
      38
      56
      44
      51
      47
      50
      66
      63
      58
      48
      59
      44
      48
      49
      50
      52
      45
      39
      34
      56
      41
      50
      52
      46
      51
      59
      45
      46
      51
      44
      53
      50
      49
      44
      55
      54
      52
      49
      51
      48
      46
      36
      44
      51
      69
      36
      52
      37
      55
      49
      43
      40
      42
      47
      44
      44
      46
      59
      47
      41
      61
      56
      48
      37
      39
      49
      40
      47
      63
      41
      43
      45
      29
      41
      47
      52
      46
      56
      34
      43
      43
      38
      54
      47
      39
      54
      39
      56
      40
      47
      49
      40
      56
      49
      40
      45
      52
      38
      50
      48
      42
      57
      39
      43
      48
      41
      30
      50
      47
      43
      49
      53
      47
      41
      50
      43
      51
      50
      46
      50
      48
      34
      45
      59
      32
      43
      41
      34
      41
      44
      55
      47
      35
      41
      39
      46
      47
      36
      57
      42
      40
      57
      44
      43
      45
      47
      42
      37
      54
      45
      34
      44
      42
      47
      37
      39
      38
      42
      39
      45
      41
      33
      43
      43
      40
      51
      34
      35
      50
      50
      38
      40
      37
      49
      33
      46
      44
      42
      26
      39
      43
      42
      38
      44
      34
      49
      34
      43
      32
      34
      43
      34
      48
      40
      39
      39
      43
      43
      29
      48
      41
      37
      53
      41
      49
      43
      44
      44
      29
      37
      38
      28
      47
      35
      34
      38
      36
      29
      37
      29
      32
      43
      37
      41
      37
      28
      37
      38
      43
      41
      32
      36
      36
      49
      49
      33
      44
      47
      37
      40
      29
      27
      32
      36
      33
      43
      48
      36
      37
      42
      37
      38
      31
      32
      26
      35
      31
      28
      33
      32
      24
      36
      45
      35
      31
      35
      35
      33
      41
      26
      39
      36
      36
      27
      41
      32
      33
      37
      37
      42
      31
      51
      32
      32
      37
      34
      32
      31
      41
      28
      32
      25
      42
      27
      38
      35
      35
      42
      34
      20
      32
      38
      37
      25
      32
      30
      31
      37
      37
      37
      30
      29
      34
      24
      23
      36
      35
      29
      40
      32
      28
      28
      32
      40
      36
      29
      35
      23
      29
      39
      43
      34
      25
      33
      29
      45
      30
      30
      15
      29
      27
      30
      28
      26
      27
      26
      35
      30
      26
      34
      22
      29
      27
      39
      27
      24
      26
      30
      36
      19
      36
      33
      29
      31
      35
      29
      38
      39
      36
      23
      30
      18
      33
      23
      22
      41
      32
      28
      30
      18
      27
      30
      33
      21
      31
      26
      27
      28
      35
      27
      32
      31
      32
      38
      22
      35
      35
      31
      28
      25
      33
      23
      30
      29
      27
      33
      21
      28
      27
      31
      23
      27
      22
      32
      27
      29
      28
      29
      24
      21
      20
      20
      30
      15
      34
      23
      34
      22
      24
      28
      37
      41
      19
      24
      23
      28
      30
      23
      31
      23
      33
      26
      23
      25
      28
      30
      27
      25
      22
      24
      21
      23
      23
      21
      33
      33
      21
      20
      29
      29
      26
      24
      34
      20
      29
      27
      27
      17
      29
      22
      17
      28
      22
      33
      25
      17
      27
      25
      21
      27
      25
      20
      23
      17
      28
      28
      27
      22
      27
      22
      19
      35
      23
      34
      35
      20
      29
      21
      25
      33
      23
      28
      24
      24
      28
      24
      26
      21
      25
      24
      18
      32
      32
      19
      21
      26
      35
      15
      24
      22
      20
      16
      26
      18
      29
      22
      24
      37
      30
      21
      19
      21
      17
      24
      24
      18
      18
      29
      24
      21
      34
      26
      21
      27
      20
      20
      20
      28
      20
      27
      17
      25
      16
      25
      19
      25
      21
      23
      18
      25
      24
      19
      26
      28
      19
      23
      27
      26
      32
      27
      22
      20
      12
      19
      26
      33
      20
      26
      17
      17
      18
      15
      22
      23
      31
      28
      25
      32
      18
      25
      27
      34
      18
      22
      27
      20
      18
      38
      15
      16
      23
      25
      25
      23
      21
      26
      22
      31
      25
      22
      18
      23
      21
      23
      15
      22
      14
      22
      21
      18
      25
      15
      18
      26
      23
      19
      17
      16
      14
      19
      15
      19
      24
      12
      21
      24
      19
      16
      21
      23
      18
      18
      17
      10
      21
      17
      17
      24
       9
      34
      13
      23
      21
      14
      20
       9
      21
      27
      19
      20
      16
      21
      22
      28
      17
      19
      15
      22
      21
      21
      15
      24
      27
      16
      15
      15
      20
      17
      22
      15
      17
       9
      24
      13
      15
      15
      14
      13
      16
      18
      13
      14
      17
      19
      10
      15
      25
      14
      16
      14
      14
      15
      13
      15
      20
      14
      12
      11
      19
      12
      14
      14
      19
      16
      16
      20
      17
      20
      19
      16
      24
      14
      28
      16
      16
      17
      17
      12
      16
      20
      11
      19
      18
      13
      17
      17
      15
      11
      19
      13
      16
      14
      15
      21
      18
      18
      15
       7
      16
       9
       8
      20
      10
      19
       9
      15
      14
      15
      14
       8
      16
      14
       9
       7
      11
      13
      17
      17
      26
      13
       8
      11
      12
      14
      11
      14
      13
      19
      13
       8
      14
      15
      13
      14
      14
      13
      17
      12
       9
      14
      10
      12
      14
      14
      12
      10
      13
      10
      20
       3
      11
      17
      13
      13
       8
      10
      10
      14
      17
      11
       6
       7
      16
      14
      13
      12
      14
      11
      10
      12
      15
       8
      10
      10
       9
      14
      12
      13
      13
       9
      13
       9
       5
      12
       9
       5
       9
       7
      10
       9
      11
      11
      18
      14
       7
      11
      12
      11
      20
       7
      13
       9
       7
      11
      13
      10
      12
      11
      13
       9
      11
      11
      14
      14
      10
      10
       8
       8
      12
       6
      12
      16
      10
       9
       3
       8
       6
       4
      12
      14
       6
       3
      10
       8
      11
      11
      15
       8
      12
       8
      14
      10
       6
       9
      10
       9
       6
       5
      14
       9
      10
       8
       6
       8
      11
       6
       9
       4
       7
       5
       9
      16
       7
       6
      10
       8
       4
       8
       8
       4
       9
       7
       2
      12
      10
       5
       8
       8
       8
       4
       7
      12
       7
      10
       7
       4
       8
       7
       6
      10
       6
       8
       6
      11
       6
      12
       5
       4
       8
       8
      11
       8
       8
       7
       8
      15
       7
      10
       7
       7
       6
       8
      12
       8
       7
       6
       6
       4
      16
      10
       8
       6
       4
       5
      11
       7
      10
       4
       3
       7
      11
      11
       7
       8
       6
      13
       5
       6
       9
       6
       3
       8
       6
       5
       3
       5
      10
       5
       4
       9
       8
       9
       7
      10
      11
      10
      10
       3
      13
       4
      10
       9
       5
       8
       5
       8
       7
       6
      10
       7
      10
       5
       5
       5
       6
       9
       6
       4
       5
       3
       6
       7
       5
      14
      13
       3
       6
       6
       7
       9
       4
       3
       5
      10
       7
       3
      12
       6
       7
       9
       3
       6
       7
      10
       7
       6
       5
       4
       5
       4
       2
      11
       7
       6
       4
      10
       8
       4
       6
       5
       6
       6
       7
      11
       7
       8
       4
      10
       5
       6
       5
       1
       5
      11
       6
       4
       8
       5
       4
       8
       4
       4
       9
       5
       6
       2
       6
       1
       4
       7
       5
       3
      11
      11
       7
       4
       5
       9
      11
       4
       4
       3
       1
      11
       7
       6
       4
       3
       4
       5
       5
       3
       3
       8
       9
       3
       3
       6
       5
       3
       6
       4
       8
       7
       8
      10
       6
       8
       3
       9
       7
       6
       4
       4
       7
      10
       8
       3
       7
       2
       8
       8
       6
       7
       7
       7
       2
       6
       6
       1
       7
       7
       7
       3
      13
       9
       6
       9
       8
       4
       9
       2
       3
       9
       5
       7
       1
       7
       8
       2
       8
       6
       5
       2
       9
       3
       4
       5
       6
       8
       3
       7
       7
       7
       8
       4
       4
      12
      12
       7
       7
       6
       5
       4
       5
       9
       5
      10
       6
       5
       5
      11
       7
       7
       4
      11
      10
       7
       4
       2
      11
       9
       4
       6
       9
      11
       8
       9
       7
       6
      11
       6
       3
      11
       7
       6
       9
      11
       5
      10
       9
       6
       5
       7
       7
       7
       8
      11
      12
      11
      10
      10
       9
       5
      13
      11
      11
       8
      12
      13
      10
      13
      11
       4
      11
      16
       9
       8
       7
      15
      11
      13
      17
      12
       8
      14
      14
      24
       9
      13
      16
      24
      10
      10
       8
      15
      16
      11
      13
      17
      11
      12
      17
      17
      10
      21
      10
      20
      17
      16
      13
      16
      16
      11
      18
      19
       7
      22
       9
      13
      16
      23
      23
      28
      25
      11
      18
      22
      22
      22
      13
      20
      12
      21
      19
      14
      20
      17
      19
      14
      15
      19
      22
      19
      26
      17
      21
      32
      27
      26
      23
      22
      17
      28
      28
      29
      25
      18
      24
      30
      19
      18
      29
      16
      21
      22
      23
      29
      24
      16
      20
      29
      21
      23
      35
      16
      31
      27
      17
      37
      32
      25
      27
      29
      19
      26
      29
      22
      20
      28
      23
      19
      40
      31
      32
      29
      38
      29
      33
      31
      34
      27
      29
      30
      33
      33
      45
      30
      36
      33
      36
      35
      33
      42
      37
      35
      30
      42
      38
      43
      49
      42
      44
      51
      37
      38
      48
      33
      33
      42
      35
      49
      37
      44
      49
      30
      42
      32
      45
      41
      40
      39
      46
      45
      37
      48
      40
      49
      34
      38
      45
      32
      53
      39
      26
      54
      48
      52
      41
      45
      40
      43
      47
      40
      51
      38
      38
      50
      36
      45
      53
      37
      42
      53
      51
      40
      45
      47
      35
      38
      61
      60
      59
      55
      62
      43
      50
      49
      47
      48
      46
      50
      53
      68
      66
      53
      50
      50
      50
      46
      57
      60
      56
      55
      41
      45
      42
      34
      61
      62
      53
      48
      57
      54
      43
      41
      58
      46
      49
      57
      38
      51
      34
      39
      51
      56
      60
      48
      67
      47
      58
      33
      62
      51
      44
      53
      56
      38
      40
      57
      58
      53
      43
      62
      56
      41
      52
      56
      52
      49
      42
      42
      53
      29
      53
      39
      50
      51
      52
      50
      57
      50
      48
      50
      53
      43
      51
      55
      47
      40
      38
      44
      46
      56
      47
      40
      48
      46
      45
      43
      39
      37
      37
      37
      34
      49
      40
      37
      42
      43
      50
      43
      43
      37
      42
      35
      50
      42
      39
      39
      37
      32
      48
      40
      48
      47
      36
      51
      53
      30
      31
      38
      39
      41
      40
      42
      45
      36
      24
      40
      33
      33
      30
      30
      32
      41
      34
      34
      29
      35
      34
      26
      27
      24
      32
      35
      43
      45
      29
      25
      32
      33
      33
      31
      33
      25
      21
      37
      26
      20
      34
      33
      22
      37
      32
      35
      35
      28
      31
      31
      23
      30
      26
      23
      30
      19
      27
      29
      21
      29
      27
      24
      21
      30
      26
      26
      24
      21
      27
      21
      28
      25
      21
      27
      34
      23
      25
      14
      28
      19
      25
      25
      23
      21
      23
      18
      19
      30
      25
      20
      17
      31
      18
      17
      23
      16
      19
      21
      19
      21
      15
      22
      27
      18
      12
      14
      17
      18
      20
      19
      18
      16
      21
      20
      12
       9
      13
      12
       9
      18
      17
      20
      14
      16
      19
      16
      14
      15
      18
      12
      11
      16
      14
      15
      11
      11
      10
      19
       9
      13
      12
      19
       9
      14
      10
      13
      12
      10
      13
       8
       6
       7
      10
       7
      10
       5
      11
      13
      11
      14
      11
      10
       7
      10
       8
      10
      15
      12
       8
       8
       7
       2
      11
       6
      11
      11
      11
       6
      15
      10
       6
       8
       2
       5
       6
       8
       7
       8
       8
      10
       9
       9
       9
       8
       8
       9
       8
       7
       6
      10
       5
      11
       5
       5
       4
      10
       7
       4
       8
       3
      13
      13
       5
       7
       8
       7
       1
       6
       8
       5
       7
       9
       6
       6
       5
       4
       2
       7
       9
      10
      11
       6
       3
       9
       4
       8
       4
       7
       6
       6
       3
       3
       4
       5
       3
       4
       4
       5
       6
       6
       3
       6
       3
       0
       3
       6
       3
       6
      11
       5
       5
       3
       6
       7
       8
       3
       2
       5
       2
       7
       8
       5
       6
       5
       3
       3
       1
      10
       6
       6
       1
       1
       5
       3
       5
       3
       1
       5
       3
       7
       2
       3
       5
       1
       3
       6
       3
       5
       0
       1
       3
       3
       4
       5
       4
       2
       4
       3
       2
       5
       6
       6
       6
       3
       0
       4
       0
       6
       2
       0
       4
       2
       2
       2
       1
       4
       1
       2
       3
       3
       6
       4
       2
       3
       3
       3
       4
       5
       4
       8
       3
       1
       4
       6
       4
       1
       5
       2
       5
       4
       4
       2
       3
       2
       4
       4
       4
       3
       7
       5
       7
       5
       6
       2
       3
       0
       1
       0
       3
       3
       4
       3
       2
       2
       1
       3
       3
       1
       7
       8
       4
       3
       0
       3
       3
       4
       0
       1
       3
       2
       6
       0
       3
       1
       1
       7
       5
       4
       1
       2
       7
       3
       1
       4
       0
       2
       4
       4
       2
       1
       4
       5
       1
       4
       3
       1
       3
       5
       1
       2
       6
       2
       3
       2
       1
       2
       4
       5
       2
       4
       3
       5
       6
       5
       4
       4
       1
       3
       0
       1
       0
       3
       1
       3
       4
       5
       3
       3
       3
       3
       4
       2
       4
       0
       4
       6
       2
       2
       2
       2
       2
       0
       2
       5
       4
       2
       3
       0
       1
       2
       2
       7
       0
       1
       5
       5
       1
       5
       2
       4
       3
       5
       2
       1
       3
       5
       2
       3
       4
       4
       3
       3
       1
       1
       4
       1
       2
       4
       1
       1
       4
       1
       3
       1
       2
       2
       3
       4
       3
       1
       6
       3
       1
       0
       0
       7
       2
       3
       4
       4
       4
       1
       1
       4
       4
       3
       2
       4
       2
       2
       2
       6
       1
       4
       5
       2
       2
       3
       6
       4
       1
       5
       0
       0
       3
       5
       6
       3
       4
       0
       2
       5
       2
       1
       3
       1
       2
       5
       2
       0
       1
       4
       3
       3
       2
       6
       6
       3
       1
       1
       1
       2
       3
       3
       0
       6
       4
       3
       2
       2
       3
       3
       0
       1
       2
       4
       5
       5
       4
       5
       2
       3
       3
       4
       3
       3
       1
       5
       3
       2
       0
       2
       5
       2
       1
       4
       1
       2
       4
       2
       4
       2
       0
       2
       1
       2
       4
       2
       2
       1
       2
       5
       2
       4
       1
       4
       5
       3
       4
       4
       4
       2
       2
       2
       0
       2
       5
       1
       2
       4
       1
       3
       3
       6
       0
       3
       2
       3
       2
       5
       3
       6
       2
       2
       3
       3
       1
       3
       3
       0
       1
       2
       4
       2
       1
       1
       1
       2
       3
       3
       3
       1
       3
       0
       2
       1
       6
       4
       0
       2
       3
       3
       2
       5
       3
       9
       1
       4
       3
       0
       4
       4
       3
       2
       2
       2
       4
       4
       2
       1
       4
       3
       2
       2
       2
       5
       4
       5
       2
       5
       2
       0
       3
       1
       6
       0
       6
       1
       5
       3
       4
       5
       2
       4
       2
       3
       2
       5
       3
       1
       7
       3
       5
       5
       5
       3
       3
       3
       2
       7
       1
       2
       5
       1
       2
       3
       1
       5
       5
       5
       6
       5
       2
       2
       5
       3
       4
       3
       2
       2
       2
       3
       5
       2
       4
       3
       2
       1
       1
       0
       6
       5
       3
       4
       2
       1
       2
       2
       1
       1
       3
       2
       6
       4
       0
       5
       1
       2
       1
       3
       1
       1
       3
       4
       0
       1
       5
       2
       1
       4
       2
       3
       2
       4
       2
       0
       4
       5
       2
       3
       3
       4
       1
       1
       2
       4
       4
       4
       3
       4
       5
       5
       3
       3
       1
       2
       2
       5
       8
       2
       3
       3
       3
       2
       0
       2
       3
       2
       3
       5
       2
       5
       3
       0
       1
       0
       1
       0
       3
       3
       2
       1
       2
       4
       3
       2
       3
       3
       3
       2
       2
       4
       0
       2
       1
       2
       4
       5
       2
       5
       2
       5
       3
       3
       3
       5
       2
       1
       1
       2
       3
       2
       3
       6
       5
       1
       4
       4
       1
       2
       2
       3
       7
       2
       0
       3
       3
       5
       4
       7
       4
       5
       1
       2
       1
       1
       0
       2
       0
       3
       1
       2
       3
       3
       4
       3
       1
       4
       3
       3
       1
       1
       2
       3
       6
       2
       1
       2
       5
       1
       5
       3
       4
       2
       1
       1
       1
       2
       2
       2
       1
       6
       0
       3
       2
       4
       4
       1
       3
       2
       2
       1
       3
       3
       3
       3
       3
       0
       3
       4
       3
       4
       2
       1
       1
       4
       5
       4
       1
       1
       2
       2
       4
       4
       2
       2
       5
       4
       1
       4
       2
       4
       4
       0
       2
       4
       5
       4
       2
       1
       1
       2
       2
       3
       5
       2
       1
       4
       2
       2
       2
       2
       4
       3
       1
       2
       6
       4
       1
       2
       2
       2
       1
       6
       1
       2
       4
       3
       2
       2
       4
       3
       4
       3
       1
       4
       3
       2
       2
       2
       3
       1
       4
      10
       2
       1
       1
       3
       4
       3
       4
       2
       1
       3
       3
       6
       1
       4
       2
       4
       3
       4
       1
       1
       2
       7
       2
       0
       2
       5
       4
       6
       4
       0
       4
       1
       2
       2
       2
       5
       2
       2
       2
       3
       1
       2
       3
       4
       2
       5
       2
       5
       2
       4
       3
       6
       2
       2
       5
       3
       2
       0
       2
       3
       2
       3
       1
       1
       3
       5
       2
       3
       3
       2
       2
       1
       6
       1
       5
       3
       1
       1
       5
       1
       6
       2
       6
       1
       2
       0
       6
       4
       1
       5
       5
       2
       4
       1
       0
       3
       5
       0
       5
       2
       3
       1
       4
       5
       3
       3
       2
       3
       3
       3
       5
       1
       3
       7
       4
       5
       0
       4
       2
       4
       3
       2
       4
       2
       1
       2
       3
       5
       3
       0
       4
       2
       6
       1
       1
       1
       6
       4
       1
       0
       2
       0
       4
       4
       4
       2
       1
       4
       2
       6
       2
       4
       2
       4
       2
       2
       6
       3
       1
       4
       7
       3
       3
       3
       4
       5
       4
       7
       2
       3
       3
       6
       4
       8
       3
       2
       4
       3
       1
       3
       1
       1
       2
       0
       1
       0
       2
       2
       1
       3
       5
       2
       3
       3
       3
       3
       6
       6
       3
       3
       3
       2
       4
       3
       4
       0
       4
       2
       3
       3
       3
       3
       3
       3
       5
       3
       4
       0
       5
       2
       3
       1
       4
       1
       9
       2
       3
       3
       5
       0
       5
       0
       5
       1
       5
       1
       3
       1
       3
       1
       2
       3
       0
       3
       1
       6
       4
       6
       3
       1
       3
       6
       5
       3
       2
       2
       2
       3
       3
       0
       2
       3
       2
       2
       2
       7
       3
       2
       3
       2
       2
       0
       2
       3
       3
       2
       2
       1
       3
       5
       2
       3
       3
       1
       1
       7
       4
       2
       2
       2
       3
       2
       2
       3
       2
       3
       1
       4
       5
       4
       1
       4
       6
       2
       1
       4
       3
       2
       3
       1
       4
       3
       6
       4
       2
       3
       1
       3
       5
       5
       0
       2
       3
       5
       1
       2
       4
       1
       2
       5
       1
       1
       3
       2
       2
       4
       4
       2
       4
       2
       4
       3
       3
       2
       1
       4
       3
       0
       8
       2
       4
       0
       5
       2
       1
       8
       1
       3
       7
       7
       5
       3
       1
       3
       3
       3
       3
       4
       4
       2
       5
       1
       3
       4
       3
       0
       5
       6
       2
       5
       2
       1
       2
       1
       1
       3
       0
       3
       5
       5
       5
       3
       2
       4
       2
       4
       1
       2
       4
       3
       2
       5
       3
       8
       0
       5
       7
       0
       6
       3
       4
       2
       5
       2
       2
       1
       3
       3
       0
       1
       1
       5
       8
       5
       1
       1
       4
       1
       1
       5
       1
       3
       4
       1
       5
       1
       2
       2
       4
       2
       3
       5
       3
       5
       3
       5
       1
       5
       5
       3
       5
       3
       1
       1
       2
       2
       3
       2
       3
       6
       6
       2
       2
       5
       2
       3
       4
       2
       3
       3
       2
       2
       3
       2
      10
       3
       1
       1
       2
       2
       3
       7
       4
       4
       3
       2
       1
       6
       1
       2
       1
       1
       4
       5
       2
       2
       6
       2
       6
       5
       4
       6
       6
       1
       7
       5
       5
       0
       0
       3
       2
       1
       3
       3
       4
       5
       0
       2
       0
       3
       6
       4
       4
       1
       2
       0
       3
       3
       5
       3
       3
       1
       1
       4
       2
       8
       4
       3
       1
       6
       4
       3
       2
       3
       2
       1
       7
       1
       2
       2
       4
       2
       3
       4
       4
       6
       1
       0
       2
       0
       2
       3
       4
       1
       4
       3
       2
       5
       3
       2
       1
       1
       1
       4
       3
       4
       2
       5
       0
       2
       2
       5
       4
       1
       3
       1
       6
       3
       1
       0
       4
       3
       2
       2
       3
       4
       3
       3
       3
       2
       3
       2
       3
       2
       6
       0
       2
       3
       2
       2
       7
       4
       2
       3
       2
       6
       4
       3
       4
       6
       3
       2
       3
       3
       3
       3
       4
       5
       4
       4
       6
       7
       1
       1
       4
       4
       4
       5
       5
       5
      10
       4
       1
       3
       3
       2
       3
       3
       4
       1
       5
       3
       7
       3
       4
       3
       4
       4
       2
       4
       7
       0
       3
       1
       4
       5
       4
       2
       3
       6
       7
       1
       5
       5
       4
       5
       4
       6
       9
       3
       2
       4
       1
       2
       3
       7
       1
       2
       3
       2
       2
       2
       2
       7
       4
       4
       3
       5
       5
       4
       4
       4
       2
       1
       2
       2
       4
       6
       5
       4
       2
       3
       2
       3
       4
       3
       4
       2
       2
      10
       1
       0
       4
       1
       2
       2
       3
       7
       1
       2
       4
       2
       2
       7
       2
       2
       7
       0
       3
       2
       4
       1
       3
       4
       1
       3
       3
       7
       2
       3
       5
       5
       3
       2
       4
       4
       4
       6
       4
       3
       3
       5
       2
       2
       1
       3
       3
       5
       2
       1
       4
       6
       3
       1
       1
       4
       6
       5
       4
       3
       2
       3
       5
       1
       4
       5
       1
       4
       1
       5
       7
       5
       3
       3
       1
       2
       7
       1
       4
       2
       8
       4
       2
       3
       5
       7
       2
       1
       5
       5
       3
       5
       1
       1
       5
       3
       6
       5
      10
       4
       2
       5
       0
       3
       5
       2
       1
       0
       9
       4
       5
       7
       5
       6
       2
       4
       3
       4
       9
       2
       3
       1
       6
       4
       4
       6
       1
       3
       4
       4
       5
       4
       6
       1
       5
       3
       4
       3
       4
       2
       3
       2
       6
       5
       4
       4
       5
       1
       0
       5
       4
       7
       8
       3
       3
       5
       5
       5
       6
       3
       4
       5
       3
       6
       7
       6
       2
       4
       4
       3
       1
       4
       5
       3
       3
       0
       6
       2
       3
       2
       4
       3
       1
       5
       4
       4
       4
       1
       3
       5
       3
       7
       1
       4
       1
       3
       5
       3
       5
       2
       6
       6
       2
       5
       5
       2
       0
       3
       0
       2
       3
       0
       3
       3
       3
       3
       4
       2
       4
       3
       2
       5
       6
       2
       1
       2
       6
       3
       4
       2
       6
       2
       3
       5
       6
       6
       4
       6
       3
       5
       1
       2
       5
       2
       4
       4
       4
       6
       5
       3
       1
       4
       5
       4
       5
       5
       5
       4
       3
       5
       5
       5
       2
       5
       5
       4
       5
       5
       3
       3
       3
       2
       2
       5
       5
       3
       6
       3
       5
       4
       5
       4
       3
       2
       1
       0
       3
       2
       9
       2
       3
       3
       7
       4
       1
       3
       1
       4
       0
       1
       2
       6
       2
       3
       2
       0
       2
       6
       3
       4
       1
       6
       2
       4
       4
       6
       3
       3
       3
       2
       2
       4
       1
       2
       2
       0
       3
       4
       3
       6
       5
       5
       3
       6
       3
       1
       4
       4
       6
       3
       7
       4
       1
       4
       0
       1
       4
       1
       6
       0
       0
       0
       5
       2
       3
       4
       4
       3
       5
       4
       2
       6
       6
       3
       2
       5
       2
       5
       3
       1
       2
       3
       1
       3
       2
       0
       4
       1
       5
       2
       4
       6
       2
       2
       4
       3
       1
       1
       1
       4
       5
       5
       4
       5
       1
       3
       1
       2
       3
       2
       4
       1
       2
       2
       1
       5
       3
       2
       2
       3
       1
       3
       3
       5
       7
       4
       2
       3
       2
       2
       2
       5
       1
       2
       1
       0
       3
       2
       0
       3
       3
       4
       4
       0
       6
       1
       3
       2
       2
       1
       4
       5
       1
       3
       3
       2
       7
       4
       2
       1
       3
       4
       5
       5
       3
       2
       3
       2
       6
       1
       1
       2
       3
       3
       1
       4
       3
       2
       1
       3
       3
       1
       0
       1
       1
       0
       2
       3
       5
       2
       1
       3
       3
       1
       3
       6
       6
       4
       1
       0
       5
       1
       1
       4
       3
       1
       3
       4
       0
       2
       1
       1
       3
       3
       1
       2
       1
       5
       1
       0
       1
       1
       3
       1
       1
       1
       1
       2
       0
       1
       1
       2
       3
       2
       0
       2
       2
       3
       3
       3
       4
       0
       2
       2
       2
       1
       5
       1
       1
       1
       3
       0
       1
       2
       2
       1
       3
       2
       1
       2
       1
       2
       2
       2
       2
       1
       1
       1
       2
       3
       2
       0
       1
       6
       1
       1
       1
       2
       2
       0
       2
       1
       2
       0
       2
       2
       2
       2
       2
       2
       0
       1
       4
       4
       6
       2
       0
       2
       2
       2
       1
       0
       0
       1
       1
       4
       0
       3
       1
       2
       1
       2
       3
       2
       0
       0
       1
       5
       1
       0
       2
       0
       0
       3
       2
       0
       4
       1
       1
       3
       1
       1
       0
       0
       1
       4
       0
       1
       0
       0
       3
       0
       0
       0
       1
       1
       1
       0
       2
       5
       0
       1
       1
       1
       0
       4
       0
       0
       1
       4
       1
       1
       1
       2
       1
       0
       2
       1
       1
       1
       1
       2
       1
       0
       2
       1
       3
       2
       2
       1
       2
       0
       1
       0
       2
       1
       0
       1
       1
       2
       0
       1
       0
       1
       0
       1
       1
       0
       3
       2
       2
       1
       0
       3
       2
       0
       0
       0
       3
       1
       0
       1
       2
       3
       1
       0
       0
       2
       2
       1
       0
       0
       1
       5
       3
       0
       3
       1
       2
       0
       2
       2
       1
       1
       0
       1
       1
       1
       1
       4
       3
       0
       1
       2
       0
       1
       0
       0
       1
       1
       0
       1
       2
       1
       1
       0
       3
       2
       0
       1
       1
       0
       0
       0
       1
       1
       3
       0
       0
       1
       2
       0
       0
       0
       2
       0
       1
       0
       0
       0
       0
       1
       1
       2
       0
       0
       2
       0
       1
       4
       0
       0
       0
       0
       0
       3
       1
       2
       0
       0
       1
       0
       2
       1
       0
       0
       0
       1
       1
       0
       0
       0
       1
       0
       1
       1
       2
       1
       0
       1
       0
       1
       1
       0
       0
       1
       1
       0
       0
       0
       0
       1
       0
       2
       1
       0
       0
       0
       1
       0
       1
       5
       1
       0
       1
       0
       1
       1
       0
       2
       2
       2
       1
       2
       1
       1
       1
       1
       1
       1
       1
       2
       1
       2
       0
       0
       1
       1
       2
       1
       2
       0
       0
       0
       0
       2
       0
       1
       0
       1
       0
       3
       1
       1
       1
       1
       0
       1
       0
       2
       0
       2
       0
       0
       1
       2
       1
       3
       1
       1
       0
       0
       0
       1
       0
       0
       0
       1
       0
       1
       1
       1
       2
       0
       1
       0
       1
       2
       0
       0
       1
       1
       1
       0
       0
       0
       0
       0
       0
       0
       1
       0
       0
       0
       2
       1
       0
       1
       1
       0
       2
       0
       2
       1
       0
       0
       2
       0
       1
       0
       1
       0
       3
       0
       3
       3
       0
       0
       0
       0
       3
       1
       0
       1
       0
       1
       0
       0
       1
       1
       1
       0
       1
       0
       0
       1
       0
       0
       0
       2
       0
       0
       1
       0
       0
       0
       0
       2
       0
       1
       0
       1
       3
       1
       3
       1
       1
       0
       3
       0
       2
       1
       0
       1
       1
       0
       2
       0
       0
       1
       2
       0
       1
       1
       0
       1
       1
       1
       2
       0
       1
       3
       0
       0
       0
       1
       3
       1
       1
       2
       2
       1
       1
       1
       0
       0
       1
       1
       1
       0
       4
       2
       0
       0
       2
       2
       0
       3
       1
       1
       0
       2
       1
       1
       1
       1
       0
       0
       0
       1
       0
       2
       1
       3
       0
       1
       0
       2
       1
       1
       2
       0
       2
       0
       0
       1
       1
       2
       0
       3
       1
       2
       1
       0
       1
       1
       1
       0
       1
       0
       1
       3
       1
       2
       0
       2
       1
       4
       3
       0
       1
       1
       3
       2
       3
       1
       1
       2
       0
       2
       1
       4
       1
       2
       2
       0
       0
       1
       0
       0
       3
       0
       2
       2
       6
       1
       0
       3
       3
       2
       1
       2
       4
       0
       3
       2
       1
       2
       1
       0
       1
       2
       2
       0
       1
       2
       1
       2
       3
       2
       6
       2
       1
       1
       3
       4
       1
       2
       0
       1
       0
       0
       1
       5
       1
       0
       1
       1
       1
       0
       2
       3
       1
       2
       3
       0
       2
       5
       2
       2
       0
       1
       2
       2
       0
       2
       2
       0
       1
       2
       4
       2
       2
       1
       2
       3
       2
       4
       1
       6
       1
       1
       0
       2
       4
       1
       2
       0
       2
       2
       4
       4
       5
       5
       2
       3
       2
       4
       3
       5
       4
       4
       5
       3
       2
       1
       2
       4
       3
       2
       2
       2
       6
       4
       5
       4
       1
       3
       2
       2
       4
       2
       5
       1
       4
       3
       5
       4
       2
       2
       0
       2
       3
       5
       2
       3
       2
       4
       3
       2
       2
       7
       5
       6
       1
       2
       5
       3
       3
       0
       5
       5
       6
       2
       1
       5
       6
       0
       3
       2
       1
       3
       4
       1
       3
       3
       2
       2
       3
       2
       5
       5
       6
       3
       2
       1
       4
       2
       5
       1
       0
       0
       4
       7
       4
       9
       8
       3
       2
       2
       7
       6
       5
       2
       3
       3
       4
       3
       0
       2
       2
       3
       3
       2
       4
       7
       6
       8
       4
       0
       3
       3
       9
       3
       3
       5
       5
       4
       5
       5
       7
       3
       4
       3
       5
       3
       8
       4
       3
       5
       7
       6
       5
       3
       4
       4
       7
       3
       3
       6
       1
       5
       4
       3
       6
       3
       5
       7
       2
       8
       5
       9
       5
       6
       3
       5
       3
       5
       3
       4
       5
       4
       6
       2
       6
       8
       4
       4
       5
       5
       5
       2
       6
       6
       4
       6
       3
       1
       6
       3
       7
       4
       2
       4
       3
      14
       8
       7
       6
       2
       4
       6
       6
       5
       3
       4
       6
       4
       4
       3
       5
       4
       8
       6
       3
       8
       6
       3
       9
       2
       4
       5
       5
       3
       7
       4
       3
       6
       6
       3
       1
       3
       8
       3
       3
       2
       4
       4
       4
       7
       5
       4
       2
       6
       6
       5
       2
       7
       6
       5
       2
       4
       6
       3
       4
       5
       7
       4
       7
       6
       3
       6
       6
       3
       3
       5
       5
      10
       8
       6
       4
       5
       1
       4
       3
       5
       4
       4
       5
       4
       0
       3
       3
       5
       3
       6
       5
       1
       5
       5
      11
       4
       3
       6
       4
       3
       3
       7
       4
       3
       4
       5
       2
       2
       6
       3
       8
       3
       7
       5
       5
       2
       4
       6
       5
       7
       9
       4
       2
       6
       8
       5
       6
       2
       4
       3
       8
       5
       7
       2
       7
       5
       4
       3
       2
       8
       3
      10
       8
       5
       4
       2
       5
       4
       6
       7
       1
       2
       1
       2
       8
       2
       3
       3
       3
       5
       7
       1
       2
       5
       2
       2
       3
       4
       4
       6
       4
       5
       4
       0
       4
       4
       4
       1
       2
       4
       5
       4
       4
       0
       3
       3
       8
       2
       3
       3
       4
       3
       4
       3
       2
       2
       4
       4
       4
       4
       1
       7
       2
       1
       1
       2
       2
       6
       1
       2
       3
       2
       4
       4
       2
       3
       3
       3
       1
       3
       2
       6
       3
       3
       2
       6
       6
       3
       3
       1
       0
       3
       7
       2
       2
       4
       3
       3
       3
       0
       4
       0
       2
       4
       1
       4
       0
       3
       4
       3
       2
       4
       3
       4
       3
       3
       1
       3
       5
       1
       2
       2
       1
       0
       1
       6
       1
       3
       0
       2
       3
       3
       1
       0
       2
       1
       2
       4
       2
       1
       3
       2
       0
       1
       2
       3
       1
       3
       5
       1
       4
       2
       0
       3
       1
       1
       2
       2
       2
       2
       0
       2
       0
       0
       2
       3
       0
       3
       3
       2
       1
       1
       1
       4
       2
       0
       1
       2
       1
       3
       2
       3
       3
       5
       2
       3
       0
       0
       0
       2
       2
       2
       1
       2
       5
       0
       3
       3
       3
       1
       3
       1
       1
       4
       0
       3
       1
       1
       3
       1
       2
       2
       0
       2
       1
       1
       1
       1
       0
       1
       1
       1
       3
       2
       0
       0
       2
       1
       2
       1
       2
       2
       2
       0
       3
       0
       1
       3
       0
       3
       1
       0
       0
       3
       0
       1
       1
       1
       2
       0
       1
       1
       2
       2
       0
       2
       0
       0
       1
       1
       1
       0
       1
       3
       3
       0
       1
       0
       1
       1
       0
       0
       2
       1
       0
       2
       1
       1
       1
       0
       1
       1
       1
       2
       1
       0
       0
       1
       0
       1
       1
       0
       1
       0
       1
       0
       1
       2
       0
       1
       1
       1
       1
       0
       0
       0
       0
       1
       0
       0
       1
       0
       0
       1
       1
       0
       0
       0
       0
       0
       1
       0
       0
       0
       2
       0
       1
       0
       0
       0
       2
       0
       0
       0
       0
       0
       1
       0
       2
       0
       0
       0
       3
       1
       1
       0
       0
       1
       0
       3
       0
       2
       2
       0
       2
       1
       0
       0
       1
       0
       0
       1
       1
       0
       0
       1
       0
       1
       1
       0
       0
       1
       1
       1
       0
       0
       0
       1
       0
       1
       1
       1
       0
       1
       0
       0
       0
       0
       0
       0
       0
       2
       0
       0
       0
       0
       2
       0
       0
       0
       3
       1
       0
       0
       0
       0
       0
       2
       1
       2
       1
       1
       0
       0
       1
       0
       1
       2
       0
       0
       1
       0
       0
       1
       0
       1
       0
       0
       0
       0
       1
       1
       0
       0
       0
       1
       0
       2
       0
       0
       2
       0
       0
       0
       2
       0
       0
       1
       0
       0
       0
       0
       0
       0
       0
       0
       0
       0
       2
       1
       1
       0
       0
       0
       0
       0
       1
       0
       0
       1
       0
       0
       0
       0
       1
       0
       1
       1
       1
       1
       0
       0
       0
       0
       1
       0
       1
       1
       1
       1
       0
       1
       0
       1
       0
       1
       0
       3
       0
       1
       0
       1
       0
       0
       1
       0
       0
       0
       1
       0
       0
       1
       1
       0
       0
       0
       1
       1
       0
       1
       0
       0
       0
       0
       1
       0
       0
       2
       1
       0
       1
       1
       0
       0
       0
       0
       0
       1
       0
       0
       0
       1
       0
       0
       0
       0
       0
       0
       0
       0
       0
       0
       0
       0
       0
       0
       0
       0
       0
       0
       1
       0
       0
       0
       0
       0
       1
       1
       1
       1
       0
       0
       1
       0
       1
       1
       1
       0
       0
       1
       1
       0
       1
       0
       0
       0
       0
       0
       0
       1
       0
       0
       0
       1
       1
       0
       0
       0
       0
       3
       0
       1
       0
       0
       0
       0
       1
       1
       0
       1
       0
       0
       0
       1
       0
       0
       1
       0
       0
       0
       0
       1
       0
       0
       0
       1
       0
       0
       0
       0
       0
       0
       0
       0
       0
       0
       0
       1
       0
       0
       0
       0
       0
       0
       0
       0
       0
       1
       0
       0
       0
       0
       0
       0
       0
       0
       0
       0
       0
       0
       0
       0
       0
       1
       1
       0
       0
       0
       0
       0
       0
       0
       0
       0
       0
       0
       0
       0
       0
       0
       0
       2
       0
       0
       0
       0
       0
       0
       0
       0
       0
       0
       0
       1
       0
       0
       0
       0
       0
       1
       0
       0
       0
       0
       0
       0
       0
       0
       0
       1
       0
       0
       0
       0
       0
       0
       0
       1
       0
       1
       1
       0
       0
       0
       0
       0
       0
       1
       0
       2
       0
       0
       0
       0
       0
       0
       0
       0
       0
       0
       0
       0
       0
       0
       0
       0
       0
       2
       0
       0
       0
       1
       0
       0
       0
       0
       1
       0
       0
       1
       0
       1
       0
       0
       1
       0
       0
       0
       0
       0
       0
       1
       2
       0
       0
       0
       0
       0
       0
       0
       0
       0
       0
       0
       0
       0
       0
       0
       0
       0
       0
       0
       0
       0
       0
       0
       1
       1
       0
       0
       0
       0
       0
       0
       1
       0
       0
       0
       0
       1
       0
       0
       0
       0
       0
       0
       0
       0
       0
       0
       0
       0
       0
       0
       0
       0
       0
       0
       0
       0
       1
       0
       0
       0
       0
       1
       0
       0
       0
       0
       0
       0
       0
       0
       0
       0
       0
       0
       0
       0
       1
       0
       0
       1
       1
       0
       0
       2
       0
       0
       0
       0
       1
       0
       1
       0
       1
       0
       0
       0
       1
       0
       0
       0
       1
       0
       0
       1
       0
       0
       0
       0
       0
       0
       0
       0
       0
       0
       0
       0
       0
       0
       0
       0
       0
       0
       0
       1
       0
       0
       0
       0
       0
       0
       0
       0
       0
       0
       0
       0
       0
       0
       1
       0
       0
       0
       0
       0
       0
       0
       0
       0
       0
       1
       0
       1
       0
       0
       0
       0
       0
       0
       0
       0
       0
       0
       0
       0
       1
       0
       1
       0
       0
       0
       0
       0
       0
       0
       0
       1
       0
       0
       0
       0
       0
       0
       0
       0
       0
       0
       0
       0
       0
       0
       0
       0
       0
       0
       0
       0
       0
       1
       0
       0
       0
       1
       1
       0
       0
       0
       0
       0
       0
       1
       0
       0
       0
       0
       0
       0
       0
       0
       0
       0
       0
       0
       0
       0
       0
       0
       0
       0
       0
       0
       0
       0
       0
       0
       0
       1
       0
       0
       1
       0
       0
       0
       0
       0
       0
       0
       0
       0
       0
       1
       0
       0
       0
       1
       0
       0
       0
       0
       0
       0
       0
       0
       2
       0
       0
       0
       0
       0
       2
       0
       0
       0
       0
       0
       0
       0
       0
       0
       0
       0
       0
       0
       0
       0
       0
       1
       0
       0
       0
       1
       0
       0
       0
       0
       0
       0
       0
       0
       0
       0
       0
       0
       0
       0
       0
       0
       1
       0
       0
       0
       0
       0
       3
       0
       0
       0
       0
       0
       0
       0
       0
       0
       0
       0
       1
       0
       0
       0
       0
       0
       0
       0
       0
       0
       1
       0
       0
       0
       0
       2
       0
       0
       2
       0
       0
       0
       0
       0
       0
       0
       0
       0
       1
       0
       0
       0
       0
       0
       0
       0
       0
       0
       0
       1
       0
       0
       0
       0
       0
       0
       0
       0
       0
       0
       0
       0
       0
       0
       0
       0
       0
       0
       0
       0
       0
       0
       0
       0
       0
       0
       0
       0
       0
       0
       0
       0
       0
       0
       0
       0
       0
       0
       0
       0
       0
       0
       0
       0
       0
       0
       0
       0
       0
       0
       0
       1
       0
       0
       0
       0
       0
       0
       0
       0
       0
       0
       0
       0
       0
       0
       0
       0
       0
       0
       0
       0
       1
       0
       0
       0
       0
       0
       0
       0
       1
       0
       0
       0
       0
       0
       0
       0
       0
       0
       0
       0
       0
       0
       0
       0
       0
       0
       0
       0
       1
       0
       0
       0
       0
       0
       0
       0
       0
       0
       0
       0
       0
       0
       0
       0
       0
       0
       0
       0
       0
       0
       0
       0
       0
       0
       0
       0
       0
       0
       0
       0
       0
       0
       0
       0
       0
       0
       0
       0
       0
       0
       0
       0
       0
       0
       0
       0
       0
       0
       0
       0
       0
       0
       0
       0
       0
       0
       0
       0
       0
       0
       1
       0
       0
       0
       0
       0
       0
       0
       0
       0
       0
       0
       0
       0
       0
       0
       0
       0
       0
       1
       0
       0
       0
       0
       0
       1
       0
       0
       0
       0
       0
       0
       0
       0
       0
       0
       0
       0
       0
       0
       0
       0
       0
       0
       0
       0
       0
       0
       0
       0
       0
       0
       0
       0
       1
       0
       0
       0
       0
       0
       0
       0
       0
       0
       0
       1
       0
       0
       0
       1
       1
       0
       0
       0
       0
       0
       0
       0
       0
       0
       0
       0
       0
       0
       0
       0
       0
       0
       0
       0
       0
       0
       0
       0
       0
       0
       0
       0
       0
       0
       0
       0
       1
       0
       0
       0
       0
       0
       0
       0
       0
       0
       0
       0
       0
       1
       0
       0
       0
       0
       0
       0
       1
       0
       0
       0
       0
       0
       0
       0
       0
       0
       0
       0
       0
       0
       0
       0
       0
       0
       0
       0
       0
       0
       0
       0
       0
       0
       0
       0
       1
       0
       0
       0
       0
       0
       0
       0
       0
       0
       0
       0
       0
       0
       0
       0
       0
       1
       0
       0
       0
       0
       0
       0
       0
       0
       0
       0
       0
       0
       0
       0
       0
       0
       0
       0
       0
       0
       0
       1
       0
       0
       0
       0
       0
       0
       0
       0
       0
       0
       0
       0
       0
       0
       0
       0
       0
       0
       0
       1
       0
       0
       0
       0
       0
       0
       0
       2
       0
       0
       1
       0
       0
       0
       0
       0
       0
       0
       0
       0
       1
       0
       0
       0
       0
       0
       0
       0
       0
       0
       0
       0
       0
       0
       0
       0
       0
       0
       0
       0
       0
       0
       0
       0
       0
       0
       0
       0
       0
       0
       0
       0
       0
       0
       0
       0
       0
       0
       0
       0
       0
       0
       0
       0
       0
       0
       0
       0
       0
       0
       0
       0
       0
       0
       0
       0
       0
       0
       0
       1
       0
       0
       0
       0
       0
       0
       0
       0
       0
       0
       0
       0
       0
       0
       0
       0
       0
       0
       0
       0
       0
       1
       0
       0
       0
       1
       0
       0
       0
       0
       0
       0
       0
       0
       0
       0
       0
       0
       0
       0
       0
       0
       0
       0
       0
       0
       0
       0
       0
       0
       0
       1
       0
       0
       1
       0
       0
       0
       0
       1
       0
       0
       1
       0
       0
       0
       0
       1
       0
       0
       0
       0
       0
       0
       0
       0
       0
       0
       0
       0
       0
       0
       0
       0
       0
       0
       0
       0
       0
       0
       0
       0
       0
       0
       0
       0
       0
       0
       0
       0
       0
       0
       0
       0
       0
       0
       0
       0
       0
       0
       0
       0
       0
       0
       0
       0
       0
       0
       0
       0
       0
       0
       0
       0
       0
       0
       0
       0
       0
       0
       0
       0
       0
       0
       0
       0
       0
       0
       0
       0
       0
       0
       0
       0
       0
       0
       0
       0
       0
       0
       0
       0
       0
       0
       0
       0
       0
       0
       0
       0
       0
       0
       0
       0
       0
       0
       0
       0
       0
       0
       0
       0
       0
       0
       0
       0
       0
       0
       0
       0
       0
       0
       0
       0
       0
       0
       0
       0
       0
       0
       0
       0
       0
       0
       0
       0
       0
       0
       0
       0
       0
       0
       0
       0
       0
       0
       0
       0
       0
       0
       0
       0
       0
       0
       0
       0
       0
       0
       0
       0
       0
       0
       0
       0
       0
       0
       0
       0
       0
       0
       0
       0
       0
       0
       0
       0
       0
       0
       0
       0
       0
       0
       0
       0
       0
       0
       0
       0
       0
       0
       0
       0
       0
       0
       0
       0
       0
       0
       0
       0
       0
       0
       0
       0
       0
       0
       0
       0
       0
       0
       0
       0
       0
       0
       0
       0
       0
       0
       0
       0
       0
       0
       0
       0
       0
       0
       0
       0
       0
       0
       0
       0
       0
       0
       0
       0
       0
       0
       0
       0
       0
       0
       0
       0
       0
       0
       0
       0
       0
       0
       0
       0
       0
       0
       0
       0
       0
       0
       0
       0
       0
       0
       0
       0
       0
       0
       0
       0
       0
       0
       0
       0
       0
       0
       0
       0
       0
       0
       0
       0
       0
       0
       0
       0
       0
       0
       0
       0
       0
       0
       0
       0
       0
       0
       0
       0
       0
       0
       0
       0
       0
       0
       0
       0
       0
       0
       0
       0
       0
       0
       0
       0
       0
       0
       0
       0
       0
       0
       0
       0
       0
       0
       0
       0
       0
       0
       0
       0
       0
       0
       0
       0
       0
       0
       0
       0
       0
       0
       0
       0
       0
       0
       0
       0
       0
       0
       0
       0
       0
       0
       0
       0
       0
       0
       0
       0
       0
       0
       0
       0
       0
       0
       0
       0
       0
       0
       0
       0
       0
       0
       0
       0
       0
       0
       0
       0
       0
       0
       0
       0
       0
       0
       0
       0
       0
       0
       0
       0
       0
       0
       0
       0
       0
       0
       0
       0
       0
       0
       0
       0
       0
       0
       0
       0
       0
       0
       0
       0
       0
       0
       0
       0
       0
       0
       0
       0
       0
       0
       0
       0
       0
       0
       0
       0
       0
       0
       0
       0
       0
       0
       0
       0
       0
       0
       0
       0
       0
       0
       0
       0
       0
       0
       0
       0
       0
       0
       0
       0
       0
       0
       0
       0
       0
       0
       0
       0
       0
       0
       0
       0
       0
       0
       0
       0
       0
       0
       0
       0
       0
       0
       0
       0
       0
       0
       0
       0
       0
       0
       0
       0
       0
       0
       0
       0
       0
       0
       0
       0
       0
       0
       0
       0
       0
       0
       0
       0
       0
       0
       0
       0
       0
       0
       0
       0
       0
       0
       0
       0
       0
       0
       0
       0
       0
       0
       0
       0
       0
       0
       0
       0
       0
       0
       0
       0
       0
       0
       0
       0
       0
       0
       0
       0
       0
       0
       0
       0
       0
       0
       0
       0
       0
       0
       0
       0
       0
       0
       0
       0
       0
       0
       0
       0
       0
       0
       0
       0
       0
       0
       0
       0
       0
       0
       0
       0
       0
       0
       0
       0
       0
       0
       0
       0
       0
       0
       0
       0
       0
       0
       0
       0
       0
       0
       0
       0
       0
       0
       0
       0
       0
       0
       0
       0
       0
       0
       0
       0
       0
       0
       0
       0
       0
       0
       0
       0
       0
       0
       0
       0
       0
       0
       0
       0
       0
       0
       0
       0
       0
       0
       0
       0
       0
       0
       0
       0
       0
       0
       0
       0
       0
       0
       0
       0
       0
       0
       0
       0
       0
       0
       0
       0
       0
       0
       0
       0
       0
       0
       0
       0
       0
       0
       0
       0
       0
       0
       0
       0
       0
       0
       0
       0
       0
       0
       0
       0
       0
       0
       0
       0
       0
       0
       0
       0
       0
       0
       0
       0
       0
       0
       0
       0
       0
       0
       0
       0
       0
       0
       0
       0
       0
       0
       0
       0
       0
       0
       0
       0
       0
       0
       0
       0
       0
       0
       0
       0
       0
       0
       0
       0
       0
       0
       0
       0
       0
       0
       0
       0
       0
       0
       0
       0
       0
       0
       0
       0
       0
       0
       0
       0
       0
       0
       0
       0
       0
       0
       0
       0
       0
       0
       0
       0
       0
       0
       0
       0
       0
       0
       0
       0
       0
       0
       0
       0
       0
       0
       0
       0
       0
       0
       0
       0
       0
       0
       0
       0
       0
       0
       0
       0
       0
       0
       0
       0
$ROI:
1
2125 2664
$PRESETS:
Live Time
300
0
$ENER_FIT:
0.000000 0.000000
$MCA_CAL:
3
0.000000E+000 0.000000E+000 0.000000E+000 
$SHAPE_CAL:
3
0.000000E+000 0.000000E+000 0.000000E+000
