$SPEC_ID:
Cesio_23_maggio
$SPEC_REM:
DET# 9
DETDESC# COMPTON
AP# Maestro Version 7.01
$DATE_MEA:
03/20/2018 16:47:41
$MEAS_TIM:
300 310
$DATA:
0 8191
       0
       0
       0
       0
       0
       0
       0
       0
       0
       0
       0
       0
       0
       0
       0
       0
       0
       0
       0
       0
       0
       0
       0
       0
       0
       1
       2
       0
       0
       2
      12
      14
      15
      17
      23
      38
      52
      59
      66
      78
      97
      97
     123
     127
     139
     163
     241
     342
     448
     685
    1184
    2675
    6213
   10624
   15033
   23559
   35988
   41654
   41213
   40684
   39418
   38616
   37706
   37363
   36700
   36909
   35899
   34394
   32623
   31493
   30430
   29449
   29110
   28779
   27741
   27344
   26791
   26597
   25892
   25067
   24807
   24065
   23278
   22957
   22131
   21722
   20987
   20299
   19743
   19228
   18676
   18092
   17606
   17224
   16495
   16288
   15720
   15115
   14720
   14408
   13669
   13257
   12627
   12140
   11567
   11202
   10808
   10320
   10071
    9866
    9394
    9479
    8985
    9051
    8974
    9045
    8893
    8847
    8746
    8607
    8463
    8412
    8289
    7952
    7718
    7514
    7317
    7156
    6667
    6587
    6337
    5948
    5700
    5566
    5514
    5170
    5249
    5088
    5012
    4918
    4888
    4667
    4885
    4945
    5063
    5051
    5062
    5081
    5160
    5108
    5055
    5094
    5083
    5057
    5053
    4956
    5085
    4914
    4647
    4789
    4482
    4532
    4326
    4244
    4125
    4119
    4002
    3850
    3851
    3766
    3621
    3350
    3432
    3344
    3173
    3068
    2905
    2739
    2727
    2603
    2481
    2475
    2311
    2239
    2185
    2074
    1908
    1893
    1710
    1680
    1586
    1486
    1420
    1306
    1199
    1115
    1152
    1069
     986
     869
     900
     888
     839
     834
     796
     791
     855
     811
     855
     881
     813
     869
     877
     934
     985
    1113
    1049
    1159
    1209
    1315
    1331
    1386
    1391
    1520
    1527
    1504
    1487
    1461
    1477
    1452
    1458
    1366
    1258
    1193
    1140
    1083
     935
     888
     764
     715
     629
     569
     532
     471
     401
     399
     297
     300
     241
     240
     207
     198
     153
     137
     149
      88
      99
      80
      71
      58
      60
      46
      45
      39
      31
      27
      40
      22
      24
      22
      26
      18
      28
      17
      17
      19
      20
      20
      17
      18
      13
      19
      13
      11
      14
      23
      16
      20
      17
      21
      18
      14
      19
      17
      25
      13
      19
      13
      19
       7
      13
      11
      13
      12
      13
      16
      18
      15
      19
      16
      19
      15
      11
      11
      20
       9
      16
      12
      19
      14
      16
      17
      19
      23
      16
      22
      16
      15
      19
      13
      11
      17
      16
      10
      18
      17
       7
      18
      14
      11
      10
      15
      14
      15
      13
      14
      16
      18
      18
       8
      23
      15
      20
      11
      17
       9
      14
      15
      14
      15
      22
      22
      25
      14
       8
      15
      16
      15
      11
      25
      18
      18
      21
      10
      16
      19
      13
      15
      11
      15
      15
      16
      13
      10
      16
      13
      14
      12
      13
       9
      17
      19
      15
      22
      13
      16
      15
      14
      21
      14
      18
       9
       8
      18
      12
      20
       9
      17
      15
      16
      18
      18
      13
      17
      17
       8
      17
      18
      16
      14
      11
      17
      19
      10
      12
      13
      16
      24
      21
      19
      18
      18
      15
      20
      16
      16
      19
      28
      27
      16
      19
      10
      21
      14
      18
      27
      12
      13
      20
      15
      14
      17
      11
      18
      20
      17
      14
      16
      17
      21
      14
      17
      18
      18
      17
      23
      17
      24
      17
      18
      20
      19
      15
      19
      20
      13
      23
      14
      21
      18
      27
      13
      21
      22
      16
      16
      16
      20
      25
      29
      21
      20
      11
      25
      13
      18
      25
      16
      19
      15
      13
      20
      19
      13
      25
      21
      15
      15
      18
      25
      26
      23
      21
      18
      24
      12
      23
      11
      17
      24
      28
      23
      15
      24
      32
      19
      20
      15
      28
      17
      31
      24
      20
      20
      20
      17
      19
      24
      13
      20
      21
      23
      18
      22
      22
      10
      19
      13
      25
      21
      22
      23
      26
      24
      16
      21
      21
      13
      14
      29
      21
      23
      16
      19
      17
      18
      30
      15
      20
      14
      26
      22
      26
      29
      28
      19
      27
      23
      26
      31
      25
      23
      22
      25
      24
      18
      26
      17
      21
      27
      19
      25
      30
      31
      20
      16
      31
      20
      31
      23
      23
      17
      25
      21
      22
      26
      21
      27
      22
      22
      20
      16
      27
      23
      23
      17
      23
      30
      22
      19
      19
      29
      18
      18
      28
      17
      29
      24
      24
      30
      29
      21
      18
      25
      27
      24
      32
      17
      26
      30
      34
      25
      29
      21
      31
      24
      21
      26
      37
      19
      28
      28
      26
      21
      22
      23
      29
      29
      26
      29
      29
      18
      27
      28
      23
      31
      26
      27
      27
      17
      30
      20
      21
      23
      33
      26
      35
      23
      32
      31
      25
      24
      26
      35
      25
      25
      23
      23
      25
      22
      20
      23
      28
      29
      26
      18
      28
      26
      23
      22
      33
      29
      34
      26
      29
      33
      25
      27
      21
      25
      23
      21
      28
      26
      16
      23
      27
      28
      26
      24
      21
      33
      26
      28
      29
      30
      25
      32
      27
      23
      27
      28
      27
      28
      30
      26
      36
      30
      28
      19
      26
      25
      30
      32
      23
      27
      40
      26
      31
      23
      31
      18
      17
      26
      13
      26
      22
      22
      18
      22
      25
      24
      21
      34
      23
      23
      24
      27
      29
      20
      24
      19
      31
      30
      37
      24
      25
      28
      20
      19
      29
      27
      20
      19
      27
      26
      22
      24
      16
      26
      22
      40
      21
      21
      21
      34
      24
      27
      29
      21
      24
      20
      28
      23
      23
      16
      21
      24
      22
      25
      29
      31
      30
      24
      27
      29
      34
      25
      24
      28
      24
      13
      30
      18
      29
      22
      34
      39
      25
      29
      34
      25
      29
      22
      24
      24
      21
      27
      15
      26
      25
      32
      26
      30
      13
      24
      32
      22
      27
      14
      24
      26
      20
      23
      27
      24
      17
      26
      25
      35
      20
      31
      28
      24
      27
      21
      12
      20
      24
      37
      29
      28
      22
      24
      22
      30
      28
      20
      20
      23
      34
      30
      29
      34
      21
      23
      24
      21
      30
      34
      24
      32
      22
      31
      25
      16
      28
      22
      22
      17
      26
      24
      29
      26
      34
      23
      27
      26
      28
      28
      30
      30
      33
      20
      26
      22
      30
      29
      29
      23
      28
      17
      27
      32
      24
      34
      29
      27
      32
      22
      27
      22
      35
      29
      16
      29
      27
      26
      39
      36
      23
      33
      23
      22
      23
      24
      28
      19
      24
      28
      24
      35
      29
      27
      17
      22
      22
      27
      19
      15
      27
      19
      30
      27
      23
      33
      16
      29
      23
      27
      28
      29
      34
      25
      26
      28
      30
      30
      31
      22
      16
      29
      22
      27
      33
      35
      33
      27
      29
      32
      19
      25
      25
      27
      17
      31
      22
      23
      14
      28
      27
      23
      22
      31
      22
      34
      30
      34
      27
      31
      20
      29
      23
      30
      24
      17
      30
      19
      21
      33
      19
      25
      29
      16
      20
      31
      28
      24
      23
      24
      27
      23
      22
      37
      31
      26
      25
      18
      24
      21
      33
      22
      27
      26
      30
      33
      25
      30
      27
      18
      31
      19
      28
      28
      21
      25
      34
      26
      25
      26
      25
      24
      30
      26
      27
      28
      19
      36
      20
      17
      23
      21
      31
      21
      30
      22
      19
      24
      23
      26
      33
      27
      27
      29
      23
      24
      28
      23
      33
      28
      29
      28
      27
      30
      31
      24
      18
      31
      21
      22
      27
      32
      19
      22
      31
      28
      23
      21
      27
      24
      20
      32
      32
      25
      30
      28
      17
      17
      28
      17
      21
      19
      21
      24
      34
      27
      18
      26
      21
      23
      25
      28
      19
      29
      29
      26
      22
      32
      17
      22
      26
      23
      28
      28
      34
      29
      23
      25
      18
      26
      27
      13
      29
      31
      33
      26
      22
      30
      34
      32
      35
      20
      26
      31
      22
      29
      30
      28
      21
      26
      20
      28
      21
      19
      29
      22
      23
      26
      25
      31
      33
      32
      14
      27
      23
      37
      31
      22
      30
      26
      17
      24
      23
      29
      23
      22
      28
      29
      22
      22
      25
      35
      25
      38
      25
      21
      39
      27
      26
      27
      26
      25
      31
      28
      25
      21
      37
      28
      28
      24
      29
      28
      18
      33
      20
      30
      24
      21
      16
      27
      20
      18
      20
      27
      32
      20
      26
      24
      16
      28
      26
      29
      32
      23
      27
      21
      36
      28
      28
      23
      28
      31
      21
      29
      27
      22
      15
      30
      27
      21
      21
      28
      27
      27
      17
      21
      36
      27
      29
      30
      28
      35
      33
      32
      28
      34
      27
      28
      18
      31
      34
      27
      25
      25
      33
      35
      30
      28
      29
      27
      30
      28
      28
      19
      23
      23
      23
      23
      31
      22
      27
      32
      23
      29
      33
      30
      23
      22
      35
      35
      23
      32
      35
      23
      26
      27
      29
      23
      32
      25
      28
      23
      46
      26
      28
      28
      25
      30
      32
      34
      37
      30
      26
      30
      26
      38
      33
      29
      32
      34
      23
      22
      33
      27
      43
      29
      31
      28
      27
      35
      21
      34
      29
      25
      25
      39
      28
      30
      21
      23
      24
      27
      39
      42
      30
      30
      35
      22
      17
      27
      30
      26
      33
      33
      27
      27
      31
      30
      23
      25
      38
      42
      32
      31
      32
      29
      32
      21
      34
      38
      38
      32
      39
      29
      29
      28
      31
      36
      37
      39
      50
      28
      37
      28
      28
      31
      38
      33
      29
      22
      35
      25
      33
      30
      29
      30
      33
      34
      26
      24
      27
      23
      35
      41
      39
      37
      31
      25
      35
      25
      29
      38
      28
      27
      27
      34
      38
      30
      33
      30
      25
      38
      37
      33
      25
      36
      26
      28
      40
      33
      26
      32
      33
      43
      49
      21
      32
      21
      27
      28
      40
      36
      34
      36
      33
      27
      28
      28
      33
      29
      21
      32
      25
      29
      22
      26
      32
      31
      24
      33
      23
      25
      42
      35
      27
      34
      31
      31
      32
      41
      26
      30
      26
      30
      26
      28
      31
      28
      35
      37
      25
      28
      26
      25
      24
      23
      26
      20
      23
      35
      36
      23
      38
      15
      28
      34
      27
      43
      28
      30
      39
      27
      25
      18
      26
      34
      23
      31
      27
      26
      44
      39
      28
      33
      32
      23
      28
      40
      19
      31
      29
      40
      31
      29
      35
      38
      33
      34
      26
      24
      24
      27
      32
      29
      30
      30
      27
      29
      25
      14
      33
      23
      31
      32
      31
      19
      26
      23
      22
      38
      30
      25
      29
      24
      25
      21
      29
      23
      27
      37
      32
      27
      29
      39
      37
      26
      22
      26
      24
      28
      30
      26
      18
      20
      34
      26
      27
      31
      34
      38
      23
      31
      37
      30
      19
      22
      42
      27
      24
      29
      25
      32
      24
      22
      23
      28
      18
      26
      29
      27
      27
      29
      25
      27
      34
      23
      21
      27
      25
      29
      32
      27
      31
      23
      19
      23
      29
      36
      26
      19
      25
      18
      26
      29
      29
      29
      27
      22
      30
      25
      27
      24
      21
      22
      20
      26
      27
      20
      29
      34
      28
      28
      26
      17
      23
      28
      24
      27
      26
      29
      25
      34
      28
      18
      24
      25
      19
      34
      23
      17
      30
      29
      22
      21
      30
      21
      28
      28
      25
      31
      26
      28
      26
      29
      20
      27
      19
      30
      23
      23
      28
      24
      22
      33
      33
      29
      22
      17
      22
      28
      19
      29
      27
      27
      29
      31
      24
      22
      23
      27
      15
      22
      29
      23
      23
      28
      30
      21
      25
      22
      35
      24
      25
      37
      27
      17
      25
      20
      32
      27
      22
      21
      26
      18
      28
      27
      28
      21
      24
      25
      34
      20
      20
      18
      17
      23
      24
      21
      21
      17
      21
      24
      22
      22
      18
      19
      28
      21
      26
      22
      31
      25
      26
      23
      23
      27
      22
      20
      29
      24
      24
      21
      29
      21
      27
      30
      26
      24
      27
      30
      17
      23
      16
      17
      21
      39
      28
      30
      19
      29
      25
      24
      21
      27
      17
      22
      18
      25
      18
      19
      27
      25
      20
      26
      22
      21
      19
      18
      11
      31
      19
      22
      24
      17
      19
      28
      24
      23
      21
      11
      11
      27
      22
      20
      19
      16
      12
      23
      21
      19
      19
      19
      20
      30
      18
      23
      20
      24
      23
      17
      26
      25
      24
      14
      19
      28
      15
      22
      22
      19
      16
      27
      21
      27
      23
      12
      26
      22
      19
      25
      18
      27
      27
      22
      25
      16
      23
      26
      28
      21
      10
      17
      22
      24
      26
      23
      12
      20
      21
      28
      19
      15
      20
      21
      18
      20
      13
      26
      14
      18
      17
      26
      25
      18
      24
      19
      21
      20
      30
      27
      27
      23
      27
      19
      24
      21
      18
      29
      21
      20
      21
      16
      15
      25
      16
      17
      17
      21
      16
      12
      24
      21
       9
      18
      11
      19
      22
      19
      18
      15
      11
      15
      22
      17
      27
      23
      25
      25
      25
      17
      21
      19
      17
      16
      19
      20
      13
      19
      21
      18
      25
      26
      20
      19
      13
      20
      27
      13
      18
      20
      13
      16
      17
      21
      25
      18
      18
      19
      20
       9
      21
      22
      18
      15
      14
      20
      14
      21
       9
      15
      12
      22
      19
      17
      23
      20
      21
      26
      24
      15
      18
      20
      14
      13
      26
      13
      15
      15
      17
      15
      13
      24
      20
      15
      18
      20
      10
      22
      20
      18
      20
      20
      14
      19
      17
      20
      17
      23
      16
      20
      15
      15
      12
      24
      15
      12
      20
      21
      18
      23
      15
      14
      11
      11
      15
      15
      20
      19
      11
      18
      15
      21
      15
      17
      13
      17
      30
      18
      18
      12
      19
      22
      12
      16
      21
      13
      13
      12
      21
      26
      20
      14
      17
      17
      16
      18
      15
      19
      13
      15
      26
      23
       8
      15
       8
      11
      15
      19
       9
      16
      14
       9
      19
      15
      18
      18
      18
      18
      13
      14
      19
      13
      14
      17
      15
      17
      20
      12
      17
      12
      26
      18
      22
      15
      16
      18
      18
      15
      16
      17
      16
      13
      23
      16
      21
      17
      19
      16
      25
      20
      16
       9
      13
      25
      11
      21
      22
      15
      10
      25
      12
      11
      15
      13
      12
      19
      16
       8
      18
      15
      15
      17
      22
      18
      15
      24
      18
      18
      11
      20
      18
      15
      20
      16
      12
      14
      13
      27
      14
      19
      22
      17
      18
      17
      16
      19
      23
      18
      18
      21
      22
      12
      16
      13
      14
      23
      13
       8
      20
      15
      17
      15
      23
      13
      17
      16
      19
      12
      16
      12
       5
      10
      13
      14
      17
      12
      18
      20
      20
      14
      17
      17
       7
      17
       9
      12
      19
      15
      17
      19
      24
      12
      21
      11
      11
      17
      15
      11
      15
      15
      15
      13
      13
      17
      13
      12
      12
      21
      16
      17
      16
       8
      12
       9
      17
      16
      18
      18
      21
      13
      14
      17
      12
      17
      15
      19
      18
      11
       8
      11
      14
      12
      16
      16
      14
      12
      18
      11
      17
       9
       9
      15
      13
      22
      22
      19
      14
      16
      12
      16
      18
      23
      16
      14
      19
      15
      15
      18
      15
      14
       8
      14
      13
      10
      17
      14
      10
      11
      17
      16
      10
      18
      13
      11
      22
      15
      16
      11
      13
      12
      12
      19
      21
      15
      16
      10
      13
      18
      11
      10
      12
      20
       8
       9
      11
      11
      13
      18
      17
      12
      14
      21
       9
      21
      17
      13
      14
      18
      11
      13
      10
      17
      12
       8
      13
      11
       7
      18
      11
      12
      10
       9
      13
      11
      10
      17
      15
      10
      10
      17
      12
      14
      10
      15
      14
      12
      14
      12
      10
      14
      17
      11
      13
      15
      13
      12
      16
      24
      14
      15
      12
      19
      16
      20
      12
       8
      15
      12
      12
      10
      13
      12
      12
      10
      14
      14
       6
      10
      14
      16
       8
       8
      21
      14
       9
      11
      13
      14
      14
      13
      10
       7
      11
      12
      14
       8
       8
       9
      16
      15
      15
      14
      17
       9
      17
      12
      20
      17
      11
      11
      10
      16
      11
      15
      11
      13
      15
      11
       3
      10
      13
      12
      16
      18
       8
      13
      12
      17
      13
      15
      12
      10
      13
       8
      18
       8
      16
      10
      11
      24
      13
      12
      15
      15
      14
      10
      10
      16
       7
      13
       9
      10
       7
      19
       4
      20
      10
      13
      13
      14
      17
       9
       9
       5
       7
       9
      11
      19
      16
      10
      12
      10
      17
      17
       6
      10
       8
      13
      10
      10
       8
      12
      14
      14
       6
      15
      10
      19
      11
       9
      10
       9
      10
      15
      14
      10
      15
      13
       7
      10
      12
       8
       7
       6
      11
      11
      12
      10
      12
      20
      10
      15
       7
       6
       6
      16
       9
       9
      14
      13
       9
      14
      10
      12
       4
      14
      14
      13
       9
       5
      13
      12
       8
       6
      12
       6
       6
      20
      11
      10
       4
      12
      13
      13
       8
      11
      15
       8
      10
      18
      10
       4
       2
      11
      10
      10
      12
       6
       8
      12
      14
      12
      15
       9
       9
       6
       6
       5
       5
       9
       5
      15
      11
       5
       9
      11
      13
       6
       4
      12
      10
       6
       7
      14
       5
       9
      10
       2
       5
      16
      11
       6
      10
       2
      13
       9
       8
      12
      11
       8
       7
       9
      14
       5
       7
      17
       6
       6
       9
       7
      11
      12
      11
       8
       6
       6
       8
       6
       6
      10
       2
       7
       7
      11
       9
      11
       4
      10
       9
       6
       1
       5
       2
       8
       3
       9
       8
       4
      10
       6
      11
       4
       7
       7
      10
       8
       7
      13
      10
      15
       5
       4
       4
      10
      10
      11
      12
       3
       8
       8
       9
       7
       7
      10
      10
       8
       4
       6
       8
       9
       9
       4
       4
       8
       9
      15
       0
      11
      10
      12
       5
       5
      12
      10
       9
      11
       8
       3
       7
       4
       3
       7
       7
       8
       8
       8
      12
       5
       7
       7
       5
      12
       6
       4
       4
       6
       5
       7
       9
      10
       7
       3
       8
       7
       3
       6
       5
       4
      11
       4
      11
       7
       6
       8
       5
       6
       6
       5
       5
       7
       7
       5
       4
       6
       5
       5
       4
       6
       7
       5
       5
       3
       6
       9
       6
       6
       5
       3
       4
       2
       5
       4
      10
       4
       8
       2
       8
       3
       3
       6
       5
       7
       2
       7
      10
       4
       5
      11
       4
       9
       7
       6
       4
       8
       6
       5
       5
       8
       2
       7
       9
       1
       4
       4
       9
       3
       6
       6
       6
       6
       7
       6
      11
       7
       5
       2
       3
       4
       7
       2
       6
       5
       7
       3
       4
       3
       5
       5
       2
       5
       3
       3
      11
      11
      12
       6
       4
       5
       8
      12
       3
       3
       4
       7
       3
       2
       5
       5
       7
       3
       2
       8
       4
       4
       4
       1
       4
      12
       5
      10
       9
       7
       6
       8
       6
      10
       9
       3
       9
       6
       6
       4
       4
       3
       3
       6
       7
       2
       5
       6
       7
       8
       8
       5
       4
       5
       5
       2
       2
      12
       8
       5
       5
       6
       7
       4
       3
       3
       5
       6
       3
       4
       4
       6
       4
       7
       8
       5
       1
       5
       4
       7
       4
       6
       7
       3
       0
       2
       4
       2
       4
       5
       3
       3
       5
       7
       3
       6
       2
       3
       7
       8
       5
       6
       5
       4
       4
       5
       2
       8
       5
       5
       5
       5
       3
       2
       7
       5
       2
       3
       5
       3
       5
       7
       3
       3
       3
       3
       3
       2
       4
       1
       3
       6
       4
       3
       0
       6
       3
       8
       3
       2
       2
       6
       1
       4
       7
       8
      10
       4
       3
       4
       3
       4
       3
       9
       9
       3
       4
       5
       3
       6
       4
       4
       6
       6
       6
       2
       8
       6
       4
       2
       4
       6
       0
       2
       4
       0
       2
       6
       8
       5
       2
      13
       4
       5
       4
       5
       4
       8
       6
       4
       6
       6
       9
       5
       5
       4
       3
       3
       5
       3
       5
       3
       5
       3
       3
       3
       4
       6
       5
      10
       3
       7
       8
       7
       2
       5
       2
       1
       3
       3
       9
       5
       2
       1
       3
       9
       1
       2
       4
       1
       4
       4
       8
       2
       7
       4
       3
       4
       6
       4
       6
       5
       1
       5
       5
       6
       6
       5
       3
       6
       7
       2
       4
       4
       5
       6
       3
       6
       5
       4
       5
       6
      11
       4
       3
       2
       2
       6
       4
       5
       3
       6
       2
       1
       2
       3
       7
       5
       9
       3
       1
       2
       3
       3
       2
       2
       1
       1
       3
       3
       1
       4
       4
       3
       4
       4
       5
       3
       4
       0
       4
       4
       5
       2
       2
       3
       2
       7
       4
       7
       5
       6
       4
       1
       5
       7
       3
       4
       2
       0
       8
       6
       0
       2
       3
       8
       4
       5
       4
       8
       4
       7
       4
       8
       3
       3
       5
       7
       1
       7
       2
       3
       4
       2
       5
       3
       6
       7
       2
       3
       4
       7
       3
       6
       5
       4
       5
       5
       4
       6
       3
       4
       3
       8
       3
       2
       4
       7
       4
       2
       4
       4
       1
       2
       8
       7
       3
       5
       1
       4
       3
       1
       3
       8
       3
       4
       3
       1
       6
       5
       5
       3
       2
       4
       5
       4
       3
       2
       5
       1
       4
       2
       5
       2
       4
       6
       4
       5
       3
       2
       2
       6
       1
       2
       5
       3
       4
       3
       5
       5
       3
       4
       7
       5
       4
       5
       5
       5
       4
       2
       4
       2
       4
       7
       5
       2
       2
       1
       5
       7
       5
       3
       5
       4
       3
       2
       3
       7
       7
       2
       6
       5
      10
       4
       5
       5
       5
       4
       6
       1
       5
       7
       6
       7
       1
       0
       2
       5
       5
       2
       4
       5
       8
       2
       5
       4
       3
       1
       5
       4
       1
       3
       2
       6
       7
       7
       5
       5
       2
       8
       3
       4
       4
       5
       3
       1
       8
       7
       2
       1
       1
       5
       4
       2
       5
       3
       3
       3
       3
       8
       2
       2
       5
       6
       3
       2
       4
       4
       5
       5
       5
       5
       3
       8
       4
       2
       2
       6
       3
       3
       8
       6
       6
       5
       9
       7
       5
       4
       6
       3
       5
       4
       2
       1
       3
       2
       3
       7
       3
       4
       3
       5
       6
       4
       6
       5
       4
       6
       8
       0
       6
       7
       4
       4
       8
       3
       4
       7
       3
       5
       3
       8
      11
       4
       6
       5
       3
       7
       2
       3
       4
       3
      10
       4
       7
       4
       6
       5
      12
       8
       8
       1
       6
       3
       5
       8
       5
       7
       7
       5
       5
       7
       7
       3
       4
       4
      15
       7
      10
       2
       5
       5
       5
      10
       4
       6
       3
      10
      11
      11
       4
       8
       6
       8
      12
       9
       6
       7
       7
       6
       3
       8
       5
       9
       7
       4
       8
      14
       5
       6
       3
       3
       7
      14
      10
       6
       8
       6
       9
       8
       5
       5
       7
       4
      12
       8
       5
      10
       9
       8
      11
       9
       5
       7
       5
       6
      14
      12
       6
       8
       9
      10
      14
      10
       5
       6
      10
      10
       5
      10
       8
      13
      10
      18
       9
      10
       6
      14
      10
       8
      14
      14
       5
      12
       7
      10
      13
       4
      10
      11
       9
       5
      12
      17
      12
       6
       8
      10
      11
       9
      15
      11
      18
      12
      12
      11
      15
      11
      18
      12
       8
      12
      11
      11
      15
      12
       9
      10
      19
      20
      15
      11
      13
       7
      13
      12
      18
      13
      16
       5
      15
      14
      18
      13
       8
      17
      14
      12
      16
      20
      12
       7
       9
      17
       9
      13
      19
      12
      22
      17
      15
      10
      18
       7
       9
      22
      13
       9
      17
      19
      16
      14
      12
      18
      14
      19
      15
      12
      18
      21
      13
      18
      14
      17
      15
      23
      15
      15
      12
      19
      18
      21
      17
      22
      15
      17
      21
      25
      21
      17
      19
      20
      17
      18
      15
      19
      15
      13
      11
      18
      23
      11
      16
      21
      18
      25
      23
      18
      22
      27
      23
      14
      20
      17
      26
      19
      21
      22
      13
      17
      36
      18
      17
      17
      32
      22
      17
      19
      21
      19
      18
      19
      22
      27
      18
      27
      19
      27
      19
      27
      16
      19
      24
      20
      27
      19
      24
      19
      26
      24
      26
      19
      28
      21
      24
      27
      36
      18
      23
      24
      23
      17
      26
      30
      30
      29
      24
      20
      28
      31
      21
      24
      29
      27
      32
      32
      28
      28
      31
      19
      28
      29
      30
      26
      35
      22
      21
      22
      26
      26
      40
      24
      30
      36
      32
      25
      22
      26
      20
      28
      25
      26
      27
      32
      30
      26
      28
      28
      30
      27
      32
      33
      27
      29
      29
      25
      35
      21
      38
      33
      25
      30
      23
      25
      24
      25
      27
      28
      24
      31
      30
      34
      37
      29
      29
      32
      20
      30
      21
      30
      33
      23
      39
      25
      28
      25
      31
      27
      26
      31
      30
      35
      21
      30
      35
      30
      22
      20
      26
      35
      40
      35
      28
      36
      38
      28
      33
      27
      24
      33
      39
      40
      32
      28
      25
      35
      27
      38
      32
      33
      23
      24
      30
      24
      25
      34
      36
      31
      38
      25
      36
      24
      23
      24
      30
      46
      29
      15
      23
      38
      30
      32
      27
      29
      21
      26
      34
      21
      31
      43
      36
      32
      23
      35
      29
      26
      25
      21
      34
      39
      40
      27
      25
      44
      30
      36
      34
      30
      36
      31
      32
      30
      24
      36
      29
      35
      24
      26
      26
      29
      29
      27
      39
      32
      25
      29
      28
      36
      28
      28
      34
      28
      25
      43
      21
      29
      24
      40
      41
      26
      32
      24
      35
      26
      28
      35
      35
      30
      28
      31
      27
      32
      23
      34
      19
      37
      32
      34
      29
      20
      22
      34
      31
      28
      25
      22
      21
      22
      33
      28
      21
      24
      20
      29
      22
      30
      28
      32
      18
      25
      21
      28
      37
      24
      36
      27
      29
      26
      27
      27
      17
      30
      34
      27
      24
      31
      23
      30
      30
      31
      17
      34
      33
      33
      29
      32
      22
      27
      29
      30
      26
      17
      31
      31
      20
      18
      32
      24
      15
      26
      22
      25
      23
      25
      28
      24
      17
      21
      18
      33
      25
      26
      26
      27
      16
      25
      21
      28
      18
      22
      16
      23
      20
      13
      17
      23
      15
      18
      20
      21
      20
      31
      22
      31
      19
      15
      24
      19
      14
      24
      33
      15
      17
      12
      18
      17
      27
      15
      23
      18
      22
      23
      27
      21
      19
      18
      20
      22
      15
      19
      17
      15
      19
      18
      16
      17
      13
      16
      14
      26
      23
      12
      12
      25
      11
      20
      12
      18
      19
      16
      12
      22
      19
      19
      26
      17
      18
      24
      19
      12
      20
      16
       8
      15
      14
      21
      20
      15
      25
      15
      19
      17
      12
      18
      14
      22
      25
      12
      12
      14
      18
      17
      14
      19
      17
      15
      14
      17
      19
      12
      10
      17
      14
      20
      16
      18
      17
      16
       7
       6
      14
       7
      18
      17
      20
      15
      18
      12
      11
      12
      14
       6
      19
      16
      15
      13
      14
      21
      12
      12
      13
      17
      10
      16
      11
      14
      13
      15
      16
      12
      10
      11
      12
       7
      10
       5
      12
       6
      11
      11
      12
      13
       8
      14
      16
      11
      11
      16
       8
      11
      10
      17
       9
      12
      10
       6
      10
      11
      10
       8
      14
       9
      13
      17
       5
      11
      11
      12
       8
       8
      14
       4
       9
       7
       6
       7
      13
      12
      15
       9
       4
       3
      13
      10
       6
      11
       6
       1
       9
      10
       6
       5
      14
       7
       2
       9
       6
       5
       7
      11
       9
       6
       9
       8
      11
       9
       6
       4
       7
       8
       8
       6
       9
       6
       6
       3
       5
      10
       4
      10
       6
      12
       8
       6
       5
       6
       4
       3
       9
       0
       7
       3
       5
       8
       4
       7
       5
       8
       4
       5
       3
       6
       4
       3
       5
       6
       8
       4
       9
      12
       5
       6
       8
       3
       3
       4
       3
       5
       5
       4
       5
       5
       6
       3
       6
       5
       6
       7
       8
       5
       9
      11
       8
       6
       5
       5
       5
       2
       4
       7
       5
       6
       6
       6
       4
       4
       6
       8
       6
       2
       4
       6
       5
       7
       5
       2
       3
       2
       3
       4
       4
       4
       6
       5
       4
       2
       6
       6
       3
       3
       1
       3
       3
       2
       4
       5
       7
       5
       5
       1
       4
       1
       2
       5
       2
       5
       3
       0
       3
       3
       6
       1
       2
       5
       1
       3
       6
       3
       2
       5
       4
       2
       4
       4
       4
       4
       3
       2
       2
       4
       1
       6
       5
       6
       3
       3
       4
       7
       5
       2
       3
       3
       4
       4
       5
       3
       3
       1
       7
       3
       3
       8
       5
       4
       1
       7
       2
       3
       4
       1
       2
       5
       6
       2
       3
       2
       6
       5
       2
       2
       3
       0
       1
       4
       3
       3
       1
       0
       1
       6
       3
       4
       9
       3
       6
       2
       6
       0
       4
       3
       2
       5
       2
       4
       3
       1
       1
       1
       1
       1
       0
       1
       4
       2
       4
       2
       1
       4
       3
       4
       2
       5
       2
       2
       2
       3
       4
       2
       1
       2
       2
       3
       4
       0
       6
       1
       2
       6
       3
       2
       5
       4
       1
       3
       1
       6
       1
       2
       5
       2
       5
       4
       1
       4
       4
       5
       4
       2
       0
       1
       4
       1
       0
       1
       1
       1
       2
       2
       3
       1
       0
       0
       3
       1
       4
       1
       1
       2
       3
       2
       2
       4
       4
       1
       5
       1
       3
       3
       2
       3
       4
       1
       2
       8
       2
       2
       3
       2
       1
       3
       5
       1
       0
       1
       4
       0
       2
       1
       4
       2
       4
       2
       3
       1
       1
       1
       1
       1
       4
       2
       3
       1
       3
       4
       3
       2
       2
       5
       2
       2
       2
       5
       3
       2
       0
       1
       0
       1
       2
       0
       3
       2
       5
       0
       0
       2
       0
       2
       0
       3
       0
       1
       1
       0
       2
       0
       5
       2
       4
       0
       2
       2
       2
       1
       1
       2
       1
       0
       2
       2
       1
       1
       8
       0
       2
       1
       3
       3
       0
       4
       3
       2
       1
       2
       2
       2
       3
       1
       1
       2
       2
       2
       1
       4
       2
       3
       1
       2
       1
       0
       2
       0
       3
       1
       1
       4
       1
       0
       4
       1
       2
       2
       1
       0
       0
       5
       1
       0
       5
       2
       2
       0
       2
       0
       0
       1
       3
       1
       0
       1
       3
       3
       2
       1
       2
       1
       0
       2
       4
       3
       2
       0
       2
       2
       3
       1
       4
       1
       1
       0
       0
       2
       2
       3
       1
       1
       5
       0
       1
       2
       3
       1
       4
       1
       3
       6
       0
       1
       2
       2
       0
       1
       2
       3
       1
       2
       3
       1
       2
       0
       2
       2
       0
       2
       3
       1
       0
       2
       3
       2
       2
       2
       1
       4
       1
       1
       4
       1
       1
       0
       3
       2
       1
       2
       2
       2
       3
       1
       3
       1
       2
       2
       2
       1
       2
       2
       1
       1
       2
       0
       0
       2
       0
       2
       2
       2
       1
       6
       1
       5
       2
       2
       3
       6
       3
       1
       2
       3
       4
       2
       0
       2
       2
       2
       1
       4
       0
       1
       0
       1
       4
       0
       7
       1
       1
       1
       2
       3
       1
       0
       2
       3
       2
       2
       4
       1
       2
       2
       2
       1
       2
       5
       2
       4
       1
       2
       0
       1
       2
       2
       3
       2
       1
       2
       1
       3
       2
       4
       2
       3
       4
       0
       1
       5
       3
       2
       0
       1
       2
       2
       3
       3
       1
       3
       1
       4
       4
       2
       2
       0
       0
       2
       1
       3
       1
       1
       0
       2
       1
       3
       0
       2
       4
       2
       0
       2
       5
       2
       4
       1
       1
       0
       4
       2
       3
       2
       3
       3
       1
       1
       3
       1
       1
       1
       3
       0
       1
       2
       3
       0
       1
       1
       4
       1
       3
       6
       2
       2
       3
       1
       1
       2
       1
       1
       2
       2
       0
       1
       1
       4
       1
       1
       1
       2
       0
       0
       2
       1
       0
       2
       2
       0
       1
       1
       0
       5
       1
       1
       0
       4
       0
       4
       7
       2
       2
       4
       0
       2
       3
       0
       0
       2
       0
       1
       1
       1
       1
       2
       0
       1
       1
       3
       2
       2
       3
       0
       2
       1
       1
       0
       0
       1
       1
       1
       6
       1
       1
       2
       1
       3
       0
       2
       0
       1
       1
       3
       2
       1
       1
       0
       1
       2
       1
       0
       1
       1
       1
       3
       0
       1
       1
       2
       1
       0
       2
       4
       3
       2
       1
       1
       3
       4
       2
       4
       1
       5
       1
       2
       1
       1
       1
       0
       3
       1
       1
       3
       3
       1
       3
       1
       4
       2
       4
       1
       0
       1
       0
       3
       4
       4
       2
       2
       2
       3
       1
       2
       3
       2
       1
       2
       2
       5
       3
       2
       0
       0
       6
       1
       0
       1
       1
       2
       1
       1
       5
       1
       1
       3
       2
       2
       0
       3
       1
       1
       3
       0
       2
       0
       5
       1
       2
       2
       4
       2
       2
       1
       0
       2
       2
       2
       1
       1
       4
       1
       0
       1
       0
       2
       3
       2
       2
       3
       2
       1
       3
       2
       4
       4
       2
       3
       1
       2
       1
       3
       2
       2
       1
       3
       1
       4
       2
       2
       1
       3
       1
       1
       4
       2
       3
       1
       1
       1
       2
       3
       1
       0
       1
       1
       3
       0
       0
       3
       2
       2
       1
       0
       1
       2
       2
       4
       1
       1
       1
       3
       1
       0
       2
       0
       1
       1
       0
       0
       3
       1
       3
       3
       0
       0
       3
       1
       1
       3
       3
       3
       2
       1
       3
       1
       1
       2
       0
       2
       4
       3
       1
       0
       2
       2
       1
       3
       2
       0
       1
       1
       1
       0
       2
       1
       3
       1
       1
       1
       1
       3
       2
       2
       3
       2
       2
       2
       2
       2
       0
       1
       5
       0
       2
       0
       3
       2
       1
       1
       2
       4
       1
       2
       0
       4
       1
       0
       2
       1
       1
       0
       2
       0
       1
       2
       0
       0
       2
       1
       2
       0
       1
       2
       3
       0
       3
       0
       1
       5
       1
       5
       0
       1
       1
       0
       2
       1
       3
       4
       2
       1
       3
       5
       2
       0
       1
       2
       2
       3
       2
       3
       5
       0
       2
       2
       1
       1
       1
       0
       4
       3
       5
       3
       3
       4
       1
       2
       1
       1
       1
       2
       0
       4
       2
       2
       0
       1
       1
       2
       1
       3
       3
       2
       1
       1
       5
       0
       2
       6
       0
       2
       0
       2
       3
       2
       1
       2
       5
       2
       3
       1
       1
       1
       4
       2
       1
       1
       1
       4
       3
       3
       5
       2
       1
       4
       1
       2
       2
       1
       1
       1
       3
       1
       2
       1
       1
       2
       2
       0
       4
       1
       2
       1
       1
       0
       0
       1
       1
       3
       7
       1
       3
       3
       3
       4
       2
       0
       1
       0
       2
       4
       1
       1
       1
       1
       4
       1
       0
       5
       2
       1
       1
       0
       1
       1
       2
       3
       1
       0
       1
       6
       2
       0
       1
       3
       2
       2
       0
       1
       1
       4
       3
       3
       3
       3
       2
       2
       1
       4
       2
       0
       1
       1
       1
       1
       4
       0
       5
       1
       2
       0
       1
       1
       4
       2
       2
       1
       0
       3
       2
       1
       0
       2
       0
       5
       3
       2
       2
       3
       5
       1
       3
       1
       0
       2
       0
       1
       3
       1
       2
       1
       3
       1
       1
       0
       2
       3
       2
       1
       0
       1
       2
       3
       2
       0
       4
       0
       3
       0
       2
       1
       0
       0
       2
       0
       2
       4
       2
       3
       3
       2
       1
       2
       3
       1
       3
       3
       2
       3
       2
       2
       0
       2
       2
       1
       0
       3
       1
       3
       2
       1
       2
       1
       3
       0
       1
       3
       3
       2
       2
       2
       2
       1
       2
       0
       3
       2
       0
       4
       1
       1
       2
       1
       2
       0
       1
       1
       0
       1
       3
       1
       4
       2
       1
       0
       3
       1
       2
       2
       1
       1
       4
       2
       7
       1
       2
       1
       1
       1
       1
       2
       3
       1
       3
       2
       2
       4
       2
       4
       2
       0
       3
       1
       3
       2
       0
       3
       0
       2
       0
       2
       1
       1
       2
       1
       1
       0
       1
       0
       7
       1
       3
       2
       1
       0
       2
       0
       3
       2
       1
       2
       5
       3
       1
       3
       2
       6
       3
       4
       2
       2
       1
       4
       6
       3
       1
       1
       4
       2
       3
       1
       4
       0
       3
       1
       0
       1
       0
       2
       2
       0
       3
       1
       2
       4
       3
       0
       1
       4
       1
       2
       1
       3
       3
       2
       1
       1
       1
       1
       0
       1
       5
       2
       2
       1
       3
       2
       3
       5
       3
       0
       5
       2
       1
       0
       3
       0
       3
       1
       1
       0
       2
       0
       1
       1
       1
       3
       1
       2
       3
       1
       2
       0
       1
       1
       2
       5
       2
       3
       2
       1
       0
       4
       0
       2
       0
       1
       2
       2
       2
       0
       1
       6
       0
       4
       2
       2
       1
       3
       3
       2
       2
       0
       2
       0
       3
       2
       0
       2
       0
       0
       2
       3
       4
       2
       0
       3
       1
       1
       1
       1
       1
       3
       1
       1
       0
       7
       3
       3
       1
       0
       2
       2
       1
       4
       0
       4
       2
       3
       0
       3
       2
       1
       1
       2
       0
       3
       3
       2
       3
       0
       3
       2
       3
       1
       2
       0
       1
       3
       0
       3
       2
       0
       0
       0
       3
       1
       0
       3
       1
       2
       1
       2
       3
       5
       2
       3
       3
       5
       2
       0
       3
       1
       0
       3
       1
       0
       3
       0
       4
       0
       2
       3
       0
       0
       1
       0
       0
       1
       3
       2
       2
       1
       0
       0
       3
       2
       1
       6
       4
       2
       2
       1
       4
       2
       3
       1
       1
       1
       1
       0
       2
       3
       3
       3
       1
       1
       4
       0
       1
       2
       1
       1
       2
       2
       0
       0
       4
       1
       2
       0
       1
       1
       3
       0
       4
       4
       2
       4
       1
       4
       0
       3
       2
       1
       0
       1
       3
       3
       0
       2
       1
       0
       7
       6
       5
       0
       0
       1
       1
       3
       3
       4
       0
       1
       2
       2
       0
       2
       2
       3
       2
       2
       0
       1
       2
       3
       6
       3
       4
       4
       0
       2
       2
       1
       3
       2
       1
       2
       1
       2
       3
       5
       1
       2
       2
       1
       4
       2
       2
       2
       2
       2
       1
       0
       4
       2
       2
       2
       1
       0
       1
       1
       2
       3
       1
       1
       1
       1
       2
       1
       2
       2
       5
       3
       1
       1
       1
       2
       5
       0
       0
       4
       3
       1
       2
       4
       0
       0
       3
       2
       3
       1
       4
       2
       2
       0
       2
       5
       2
       2
       2
       4
       0
       1
       1
       3
       1
       0
       2
       0
       3
       0
       2
       3
       1
       1
       1
       1
       2
       2
       3
       2
       2
       3
       3
       2
       1
       0
       3
       0
       2
       1
       1
       2
       1
       1
       3
       0
       1
       2
       4
       1
       2
       3
       3
       2
       2
       0
       1
       1
       1
       2
       2
       1
       3
       1
       1
       1
       4
       1
       0
       1
       3
       1
       1
       3
       1
       3
       1
       1
       3
       1
       1
       1
       2
       0
       0
       1
       4
       2
       2
       1
       3
       5
       0
       3
       2
       1
       2
       3
       3
       2
       2
       1
       2
       1
       1
       4
       4
       5
       2
       2
       1
       1
       2
       1
       0
       1
       1
       0
       2
       0
       1
       1
       3
       4
       0
       2
       1
       2
       0
       2
       3
       2
       4
       2
       3
       0
       0
       2
       2
       5
       2
       0
       0
       2
       4
       2
       2
       1
       1
       2
       1
       0
       2
       0
       1
       2
       2
       3
       1
       5
       0
       2
       1
       0
       1
       1
       4
       2
       3
       2
       4
       2
       3
       1
       0
       0
       3
       1
       0
       0
       2
       2
       2
       2
       1
       1
       2
       1
       3
       3
       1
       4
       4
       0
       5
       1
       1
       6
       2
       3
       1
       1
       1
       7
       2
       2
       2
       1
       3
       1
       0
       1
       2
       4
       4
       2
       3
       3
       3
       1
       2
       4
       0
       0
       2
       3
       1
       3
       4
       3
       4
       0
       4
       2
       0
       6
       2
       3
       1
       2
       3
       0
       1
       1
       2
       2
       1
       2
       1
       3
       2
       0
       2
       2
       1
       3
       1
       1
       1
       0
       3
       0
       0
       2
       1
       2
       5
       5
       5
       0
       0
       4
       2
       2
       0
       2
       2
       1
       0
       2
       3
       2
       0
       0
       3
       3
       1
       1
       0
       3
       2
       2
       1
       1
       3
       1
       3
       4
       2
       4
       2
       0
       5
       1
       2
       2
       1
       4
       2
       7
       6
       1
       0
       1
       3
       2
       3
       2
       0
       2
       1
       3
       1
       2
       7
       1
       2
       0
       0
       1
       4
       1
       3
       1
       3
       2
       5
       1
       0
       1
       1
       3
       2
       1
       3
       1
       2
       2
       1
       1
       5
       0
       3
       1
       1
       2
       1
       0
       0
       2
       1
       5
       0
       3
       1
       2
       1
       0
       3
       3
       2
       1
       0
       0
       3
       2
       2
       2
       2
       3
       1
       3
       0
       6
       2
       3
       2
       3
       1
       1
       1
       4
       3
       1
       1
       0
       3
       0
       1
       4
       1
       4
       5
       1
       2
       1
       3
       2
       2
       2
       2
       3
       2
       1
       1
       2
       0
       2
       1
       1
       3
       2
       2
       0
       0
       4
       1
       3
       2
       1
       4
       2
       0
       1
       3
       3
       1
       3
       0
       0
       2
       3
       1
       3
       0
       2
       2
       3
       3
       2
       1
       4
       1
       1
       2
       4
       3
       3
       2
       3
       3
       3
       1
       1
       1
       3
       2
       1
       0
       1
       2
       1
       5
       1
       1
       3
       3
       1
       1
       2
       1
       1
       2
       1
       5
       0
       3
       4
       1
       5
       2
       2
       2
       5
       0
       4
       0
       3
       1
       1
       2
       2
       1
       3
       0
       1
       3
       4
       2
       3
       3
       1
       3
       3
       0
       0
       4
       1
       3
       2
       3
       2
       0
       5
       2
       1
       2
       2
       1
       4
       4
       3
       1
       2
       1
       3
       4
       3
       0
       1
       2
       1
       3
       1
       0
       1
       1
       3
       2
       0
       1
       3
       0
       3
       5
       3
       2
       0
       4
       2
       3
       3
       1
       2
       1
       1
       3
       3
       1
       2
       3
       1
       6
       4
       1
       2
       2
       3
       2
       2
       1
       1
       3
       2
       2
       1
       0
       2
       4
       2
       3
       1
       3
       3
       3
       3
       2
       1
       0
       1
       1
       5
       3
       3
       5
       1
       1
       2
       0
       1
       1
       1
       2
       3
       3
       2
       2
       2
       4
       1
       1
       2
       1
       1
       2
       2
       2
       1
       2
       4
       2
       4
       2
       5
       4
       1
       4
       2
       2
       4
       1
       5
       2
       2
       5
       0
       0
       2
       0
       0
       2
       1
       0
       3
       1
       1
       3
       3
       1
       3
       2
       4
       4
       4
       4
       0
       3
       3
       6
       1
       2
       4
       1
       1
       0
       4
       1
       0
       3
       0
       1
       0
       6
       2
       4
       1
       2
       3
       8
       2
       0
       2
       1
       3
       2
       2
       1
       7
       4
       2
       2
       1
       2
       2
       0
       2
       3
       0
       2
       5
       1
       4
       1
       2
       3
       0
       1
       2
       0
       2
       0
       1
       1
       0
       2
       2
       4
       2
       1
       4
       2
       2
       1
       2
       4
       1
       3
       1
       0
       2
       2
       2
       3
       2
       3
       1
       2
       2
       0
       1
       2
       2
       1
       0
       4
       1
       4
       3
       2
       2
       1
       2
       2
       1
       0
       3
       3
       2
       5
       3
       0
       0
       2
       1
       4
       5
       1
       1
       3
       6
       1
       4
       0
       2
       1
       2
       3
       2
       3
       1
       0
       4
       2
       2
       1
       3
       2
       1
       1
       3
       1
       3
       4
       1
       2
       4
       0
       1
       4
       2
       2
       1
       3
       1
       0
       3
       3
       3
       2
       1
       2
       1
       3
       2
       1
       6
       3
       2
       2
       4
       4
       2
       2
       2
       2
       3
       4
       2
       1
       2
       3
       3
       6
       0
       3
       1
       3
       0
       2
       0
       7
       2
       4
       3
       4
       1
       3
       3
       0
       3
       2
       2
       2
       0
       3
       0
       1
       4
       3
       2
       3
       2
       3
       1
       3
       2
       4
       0
       2
       1
       2
       1
       0
       1
       2
       1
       1
       2
       2
       3
       5
       3
       3
       2
       0
       3
       2
       5
       5
       2
       0
       4
       1
       1
       1
       3
       0
       2
       4
       1
       5
       0
       2
       2
       1
       0
       2
       3
       3
       2
       5
       3
       3
       2
       2
       3
       2
       2
       2
       0
       0
       0
       3
       4
       5
       0
       2
       2
       2
       2
       4
       3
       3
       3
       2
       4
       2
       1
       3
       3
       2
       1
       2
       2
       2
       1
       2
       3
       2
       1
       5
       2
       3
       2
       0
       1
       2
       4
       4
       0
       3
       0
       3
       3
       1
       2
       2
       3
       0
       3
       1
       2
       0
       5
       2
       4
       2
       0
       2
       3
       1
       4
       1
       1
       0
       1
       3
       3
       2
       2
       6
       3
       1
       0
       1
       0
       1
       1
       3
       1
       2
       0
       2
       3
       3
       0
       4
       2
       5
       2
       3
       3
       2
       2
       1
       1
       6
       1
       7
       1
       3
       6
       5
       2
       3
       3
       3
       4
       2
       2
       3
       2
       1
       3
       1
       3
       2
       1
       1
       2
       4
       1
       1
       5
       6
       2
       4
       3
       1
       0
       3
       5
       1
       4
       5
       2
       2
       2
       4
       5
       3
       1
       1
       2
       4
       3
       2
       4
       0
       1
       2
       5
       5
       2
       1
       3
       1
       5
       2
       1
       2
       2
       5
       3
       4
       1
       2
       5
       3
       3
       2
       4
       3
       3
       1
       1
       0
       2
       4
       3
       4
       1
       2
       3
       0
       2
       2
       2
       1
       1
       0
       5
       3
       2
       4
       2
       0
       2
       2
       6
       1
       1
       2
       1
       0
       8
       3
       2
       1
       3
       2
       1
       1
       2
       0
       3
       2
       1
       3
       0
       4
       2
       3
       1
       2
       4
       1
       2
       3
       2
       0
       1
       1
       3
       3
       1
       2
       1
       3
       6
       2
       6
       3
       2
       1
       7
       2
       1
       4
       2
       2
       2
       1
       0
       3
       4
       5
       3
       0
       5
       3
       2
       6
       4
       6
       1
       3
       2
       2
       0
       3
       3
       2
       1
       0
       3
       1
       2
       3
       2
       0
       3
       1
       5
       0
       5
       4
       2
       5
       1
       0
       2
       2
       3
       1
       3
       2
       4
       4
       2
       0
       2
       4
       2
       2
       2
       4
       0
       5
       6
       0
       2
       2
       6
       4
       1
       2
       0
       2
       0
       2
       2
       2
       4
       3
       1
       3
       2
       3
       3
       0
       3
       0
       4
       6
       2
       4
       2
       3
       0
       2
       2
       1
       1
       4
       0
       3
       1
       3
       1
       1
       6
       2
       0
       3
       3
       2
       3
       3
       3
       3
       2
       0
       2
       2
       1
       3
       0
       2
       1
       7
       2
       5
       3
       2
       1
       1
       5
       2
       2
       0
       1
       1
       1
       1
       5
       3
       2
       2
       3
       1
       4
       4
       3
       4
       2
       4
       2
       7
       1
       3
       5
       0
       4
       3
       1
       1
       2
       4
       1
       5
       3
       0
       2
       4
       5
       4
       1
       2
       1
       1
       3
       3
       2
       2
       2
       4
       5
       2
       2
       3
       1
       5
       2
       2
       2
       2
       3
       4
       2
       2
       5
       3
       2
       3
       1
       4
       0
       6
       3
       2
       2
       3
       2
       0
       3
       1
       3
       1
       2
       3
       2
       4
       3
       2
       5
       0
       5
       0
       4
       1
       1
       2
       1
       4
       3
       1
       5
       0
       1
       2
       0
       0
       1
       1
       2
       3
       2
       3
       6
       4
       1
       1
       2
       2
       3
       2
       2
       1
       2
       1
       1
       1
       2
       3
       2
       1
       2
       6
       7
       4
       2
       2
       2
       3
       4
       4
       1
       5
       3
       2
       3
       0
       4
       4
       3
       4
       3
       2
       4
       6
       5
       0
       1
       2
       0
       4
       0
       0
       3
       1
       4
       1
       0
       3
       1
       1
       1
       2
       4
       3
       1
       3
       0
       2
       2
       4
       4
       3
       2
       2
       2
       1
       1
       0
       3
       3
       1
       4
       2
       3
       1
       2
       2
       0
       2
       4
       1
       0
       3
       2
       1
       3
       2
       2
       4
       2
       1
       0
       2
       1
       0
       0
       3
       2
       2
       2
       2
       1
       5
       1
       1
       2
       1
       3
       1
       2
       5
       1
       2
       2
       0
       2
       4
       0
       0
       0
       0
       2
       0
       0
       0
       0
       0
       0
       0
       0
       0
       0
       0
       0
       0
       0
       0
       0
       0
       0
       0
       0
       0
       0
       0
       0
       0
       0
       0
       0
       0
       0
       0
       0
       0
       0
       0
       0
       0
       0
       0
       0
       0
       0
       0
       0
       0
       0
       0
       0
       0
       0
       0
       0
       0
       0
       0
       0
       0
       0
       0
       0
       0
       0
       0
       0
       0
       0
       0
       0
       0
       0
       0
       0
       0
       0
       0
       0
       0
       0
       0
       0
       0
       0
       0
       0
       0
       0
       0
       0
       0
       0
       0
       0
       0
       0
       0
       0
       0
       0
       0
       0
       0
       0
       0
       0
       0
       0
       0
       0
       0
       0
       0
       0
       0
       0
       0
       0
       0
       0
       0
       0
       0
       0
       0
       0
       0
       0
       0
       0
       0
       0
       0
       0
       0
       0
       0
       0
       0
       0
       0
       0
       0
       0
       0
       0
       0
       0
       0
       0
       0
       0
       0
       0
       0
       0
       0
       0
       0
       0
       0
       0
       0
       0
       0
       0
       0
       0
       0
       0
       0
       0
       0
       0
       0
       0
       0
       0
       0
       0
       0
       0
       0
       0
       0
       0
       0
       0
       0
       0
       0
       0
       0
       0
       0
       0
       0
       0
       0
       0
       0
       0
       0
       0
       0
       0
       0
       0
       0
       0
       0
       0
       0
       0
       0
       0
       0
       0
       0
       0
       0
       0
       0
       0
       0
       0
       0
       0
       0
       0
       0
       0
       0
       0
       0
       0
       0
       0
       0
       0
       0
       0
       0
       0
       0
       0
       0
       0
       0
       0
       0
       0
       0
       0
       0
       0
       0
       0
       0
       0
       0
       0
       0
       0
       0
       0
       0
       0
       0
       0
       0
       0
       0
       0
       0
       0
       0
       0
       0
       0
       0
       0
       0
       0
       0
       0
       0
       0
       0
       0
       0
       0
       0
       0
       0
       0
       0
       0
       0
       0
       0
       0
       0
       0
       0
       0
       0
       0
       0
       0
       0
       0
       0
       0
       0
       0
       0
       0
       0
       0
       0
       0
       0
       0
       0
       0
       0
       0
       0
       0
       0
       0
       0
       0
       0
       0
       0
       0
       0
       0
       0
       0
       0
       0
       0
       0
       0
       0
       0
       0
       0
       0
       0
       0
       0
       0
       0
       0
       0
       0
       0
       0
       0
       0
       0
       0
       0
       0
       0
       0
       0
       0
       0
       0
       0
       0
       0
       0
       0
       0
       0
       0
       0
       0
       0
       0
       0
       0
       0
       0
       0
       0
       0
       0
       0
       0
       0
       0
       0
       0
       0
       0
       0
       0
       0
       0
       0
       0
       0
       0
       0
       0
       0
       0
       0
       0
       0
       0
       0
       0
       0
       0
       0
       0
       0
       0
       0
       0
       0
       0
       0
       0
       0
       0
       0
       0
       0
       0
       0
       0
       0
       0
       0
       0
       0
       0
       0
       0
       0
       0
       0
       0
       0
       0
       0
       0
       0
       0
       0
       0
       0
       0
       0
       0
       0
       0
       0
       0
       0
       0
       0
       0
       0
       0
       0
       0
       0
       0
       0
       0
       0
       0
       0
       0
       0
       0
       0
       0
       0
       0
       0
       0
       0
       0
       0
       0
       0
       0
       0
       0
       0
       0
       0
       0
       0
       0
       0
       0
       0
       0
       0
       0
       0
       0
       0
       0
       0
       0
       0
       0
       0
       0
       0
       0
       0
       0
       0
       0
       0
       0
       0
       0
       0
       0
       0
       0
       0
       0
       0
       0
       0
       0
       0
       0
       0
       0
       0
       0
       0
       0
       0
       0
       0
       0
       0
       0
       0
       0
       0
       0
       0
       0
       0
       0
       0
       0
       0
       0
       0
       0
       0
       0
       0
       0
       0
       0
       0
       0
       0
       0
       0
       0
       0
       0
       0
       0
       0
       0
       0
       0
       0
       0
       0
       0
       0
       0
       0
       0
       0
       0
       0
       0
       0
       0
       0
       0
       0
       0
       0
       0
       0
       0
       0
       0
       0
       0
       0
       0
       0
       0
       0
       0
       0
       0
       0
       0
       0
       0
       0
       0
       0
       0
       0
       0
       0
       0
       0
       0
       0
       0
       0
       0
       0
       0
       0
       0
       0
       0
       0
       0
       0
       0
       0
       0
       0
       0
       0
       0
       0
       0
       0
       0
       0
       0
       0
       0
       0
       0
       0
       0
       0
       0
       0
       0
       0
       0
       0
       0
       0
       0
       0
       0
       0
       0
       0
       0
       0
       0
       0
       0
       0
       0
       0
       0
       0
       0
       0
       0
       0
       0
       0
       0
       0
       0
       0
       0
       0
       0
       0
       0
       0
       0
       0
       0
       0
       0
       0
$ROI:
1
3378 4272
$PRESETS:
Live Time
300
0
$ENER_FIT:
0.000000 0.000000
$MCA_CAL:
3
0.000000E+000 0.000000E+000 0.000000E+000 
$SHAPE_CAL:
3
0.000000E+000 0.000000E+000 0.000000E+000
