$SPEC_ID:
Cesio_23_maggio
$SPEC_REM:
DET# 9
DETDESC# COMPTON
AP# Maestro Version 7.01
$DATE_MEA:
04/17/2018 17:18:18
$MEAS_TIM:
76353 76472
$DATA:
0 8191
       0
       0
       0
       0
       0
       0
       0
       0
       0
       0
       0
       0
       0
       0
       0
       0
       0
       0
       0
       0
       0
       0
       0
       0
       0
       0
       0
       0
       0
       0
       0
       1
       0
       0
       0
       0
       0
       0
       0
       0
       0
       0
       1
       0
       0
       0
       0
       0
       0
       0
       0
       0
       0
       0
       0
       0
       0
       0
       0
       0
       1
       1
       2
       3
       2
       4
       2
       3
      32
      40
      36
      34
      39
      35
      33
      34
      32
      27
      26
      31
      34
      47
      34
      31
      35
      26
      28
      40
      32
      39
      26
      23
      22
      26
      27
      26
      36
      23
      25
      30
      33
      26
      27
      35
      32
      40
      27
      28
      25
      31
      26
      19
      28
      28
      32
      34
      33
      38
      23
      22
      28
      40
      31
      31
      34
      32
      20
      29
      21
      30
      26
      26
      27
      35
      37
      29
      36
      23
      25
      25
      32
      25
      27
      37
      43
      27
      20
      31
      25
      22
      22
      37
      32
      27
      27
      33
      38
      41
      32
      35
      31
      34
      28
      31
      37
      33
      30
      32
      27
      45
      29
      33
      31
      23
      32
      29
      26
      34
      36
      34
      43
      26
      31
      28
      28
      33
      25
      35
      37
      30
      46
      27
      36
      44
      24
      29
      31
      27
      33
      34
      23
      41
      26
      29
      38
      33
      30
      25
      25
      40
      30
      36
      30
      38
      32
      29
      22
      34
      31
      28
      26
      30
      37
      38
      35
      27
      38
      22
      26
      25
      27
      31
      42
      26
      36
      31
      36
      38
      30
      37
      28
      33
      24
      34
      33
      36
      27
      23
      24
      33
      34
      27
      31
      36
      47
      41
      29
      30
      34
      33
      25
      28
      26
      28
      27
      31
      29
      36
      31
      26
      34
      43
      41
      38
      31
      31
      36
      32
      30
      41
      38
      26
      33
      39
      31
      37
      31
      24
      37
      31
      38
      38
      40
      31
      25
      40
      24
      46
      47
      23
      40
      32
      45
      23
      37
      30
      30
      28
      34
      23
      36
      24
      29
      36
      36
      37
      22
      45
      35
      29
      40
      29
      41
      27
      31
      32
      44
      28
      18
      25
      38
      39
      35
      31
      25
      28
      41
      31
      23
      32
      43
      37
      27
      37
      32
      36
      27
      20
      39
      33
      26
      28
      27
      40
      36
      29
      37
      30
      29
      25
      24
      42
      35
      35
      31
      31
      36
      44
      37
      36
      30
      28
      28
      44
      25
      31
      29
      39
      32
      43
      35
      28
      20
      44
      36
      31
      27
      43
      34
      29
      32
      43
      33
      25
      23
      43
      33
      23
      38
      34
      44
      40
      32
      37
      25
      30
      30
      35
      29
      29
      28
      37
      22
      23
      34
      24
      27
      43
      30
      27
      26
      37
      34
      29
      38
      39
      28
      26
      25
      36
      34
      27
      32
      42
      27
      30
      32
      34
      33
      34
      31
      34
      31
      33
      26
      28
      37
      24
      27
      35
      26
      37
      27
      41
      32
      32
      29
      24
      29
      21
      34
      38
      43
      31
      32
      35
      35
      33
      32
      39
      34
      36
      32
      29
      37
      22
      26
      31
      28
      25
      30
      35
      38
      34
      38
      34
      27
      33
      27
      30
      34
      27
      43
      34
      23
      33
      36
      37
      35
      41
      38
      29
      28
      36
      31
      38
      23
      25
      35
      28
      32
      34
      32
      39
      33
      22
      43
      27
      52
      29
      36
      35
      37
      25
      27
      34
      36
      33
      29
      38
      42
      31
      31
      34
      31
      23
      34
      31
      56
      40
      37
      27
      34
      32
      32
      34
      32
      42
      26
      31
      33
      36
      39
      30
      33
      25
      33
      34
      38
      33
      27
      29
      36
      32
      40
      33
      34
      40
      24
      27
      23
      30
      37
      32
      29
      32
      30
      30
      32
      32
      30
      26
      34
      31
      41
      38
      29
      37
      33
      34
      31
      45
      19
      31
      34
      26
      37
      36
      34
      25
      32
      31
      30
      34
      41
      29
      30
      25
      34
      31
      38
      31
      31
      32
      39
      34
      34
      31
      43
      33
      34
      41
      25
      30
      29
      28
      31
      39
      36
      32
      36
      39
      28
      38
      37
      35
      35
      32
      28
      41
      40
      34
      32
      41
      34
      38
      32
      30
      33
      40
      31
      37
      32
      37
      35
      40
      26
      26
      47
      32
      32
      35
      32
      29
      30
      31
      32
      26
      26
      38
      33
      31
      33
      36
      30
      36
      44
      26
      33
      38
      33
      25
      27
      34
      36
      29
      39
      27
      24
      47
      32
      26
      26
      29
      27
      37
      42
      48
      26
      29
      34
      22
      39
      30
      34
      33
      30
      33
      28
      33
      41
      33
      37
      34
      37
      37
      30
      31
      43
      38
      50
      37
      20
      35
      29
      33
      33
      32
      37
      34
      33
      35
      27
      38
      28
      40
      36
      26
      23
      38
      45
      35
      29
      30
      38
      51
      25
      38
      30
      32
      34
      32
      40
      30
      32
      32
      35
      35
      36
      30
      37
      28
      32
      39
      43
      30
      33
      24
      24
      26
      38
      38
      34
      33
      27
      39
      22
      25
      24
      34
      37
      28
      32
      33
      30
      33
      43
      33
      33
      36
      27
      26
      33
      39
      34
      46
      29
      27
      45
      30
      40
      34
      35
      32
      31
      40
      33
      39
      25
      31
      25
      39
      49
      31
      35
      38
      33
      34
      28
      37
      28
      35
      40
      33
      26
      31
      24
      36
      31
      35
      37
      42
      34
      28
      42
      22
      26
      22
      31
      37
      46
      30
      45
      27
      28
      36
      43
      28
      38
      19
      36
      41
      29
      35
      29
      29
      23
      34
      31
      36
      38
      38
      41
      29
      30
      36
      36
      33
      40
      34
      36
      37
      40
      24
      30
      34
      38
      28
      34
      27
      27
      26
      23
      35
      35
      36
      40
      26
      33
      41
      32
      35
      32
      52
      32
      28
      41
      38
      31
      29
      31
      34
      35
      35
      34
      36
      35
      38
      36
      24
      47
      39
      33
      35
      29
      27
      36
      42
      25
      38
      31
      39
      34
      32
      32
      37
      26
      27
      43
      38
      34
      38
      36
      36
      35
      31
      30
      41
      36
      40
      28
      37
      41
      37
      20
      20
      18
      33
      33
      34
      34
      37
      24
      38
      38
      23
      29
      31
      36
      40
      46
      35
      35
      31
      38
      23
      37
      28
      29
      48
      37
      33
      30
      18
      23
      33
      42
      35
      34
      35
      28
      42
      27
      35
      29
      32
      35
      31
      33
      43
      31
      25
      23
      41
      38
      34
      28
      30
      35
      40
      20
      26
      36
      22
      24
      33
      28
      43
      28
      27
      36
      35
      28
      47
      30
      31
      24
      30
      37
      38
      35
      32
      32
      33
      42
      24
      29
      28
      29
      38
      36
      24
      24
      35
      38
      29
      29
      27
      37
      33
      40
      35
      32
      31
      31
      29
      34
      40
      24
      33
      33
      32
      35
      43
      26
      29
      31
      29
      29
      36
      26
      29
      27
      33
      36
      42
      41
      34
      41
      34
      28
      41
      41
      31
      38
      26
      36
      36
      23
      27
      30
      30
      39
      31
      46
      21
      29
      31
      33
      34
      33
      38
      27
      40
      33
      29
      29
      34
      43
      31
      36
      33
      31
      33
      32
      36
      31
      19
      37
      31
      39
      48
      32
      23
      35
      33
      41
      33
      35
      29
      25
      37
      34
      31
      31
      28
      33
      38
      41
      36
      36
      28
      32
      24
      40
      25
      23
      34
      38
      28
      32
      27
      27
      39
      28
      36
      30
      32
      30
      23
      32
      33
      25
      26
      30
      28
      36
      40
      31
      33
      21
      30
      33
      34
      29
      27
      34
      32
      31
      33
      28
      32
      35
      27
      35
      27
      36
      40
      33
      39
      32
      38
      29
      30
      31
      32
      26
      33
      29
      28
      39
      28
      22
      37
      36
      32
      26
      33
      25
      21
      27
      35
      24
      33
      33
      26
      35
      33
      34
      34
      36
      31
      38
      32
      30
      29
      23
      34
      26
      42
      35
      36
      27
      31
      30
      34
      30
      24
      29
      28
      33
      37
      45
      33
      39
      25
      33
      41
      36
      45
      28
      32
      33
      21
      25
      23
      42
      38
      27
      32
      29
      30
      34
      27
      33
      30
      33
      26
      28
      30
      37
      31
      24
      30
      31
      37
      28
      27
      31
      39
      31
      32
      28
      39
      32
      29
      43
      41
      31
      30
      39
      35
      25
      31
      33
      37
      44
      32
      34
      26
      28
      21
      34
      44
      29
      30
      22
      41
      38
      50
      31
      25
      41
      40
      38
      32
      27
      34
      31
      37
      35
      42
      26
      32
      22
      31
      36
      37
      29
      33
      29
      36
      33
      38
      38
      40
      43
      26
      35
      31
      33
      32
      33
      40
      28
      38
      43
      34
      37
      32
      30
      26
      38
      30
      29
      41
      37
      24
      28
      33
      34
      34
      28
      39
      39
      29
      28
      32
      35
      36
      31
      27
      37
      36
      33
      40
      29
      29
      37
      36
      37
      37
      38
      35
      24
      34
      29
      28
      22
      40
      34
      35
      35
      28
      26
      27
      27
      39
      35
      27
      40
      39
      36
      31
      33
      38
      38
      32
      21
      39
      34
      34
      34
      31
      28
      33
      30
      32
      44
      27
      32
      42
      32
      26
      25
      45
      34
      25
      30
      24
      39
      38
      37
      28
      42
      30
      43
      41
      30
      28
      35
      23
      38
      28
      28
      27
      29
      33
      29
      33
      31
      28
      38
      29
      30
      38
      34
      40
      41
      33
      35
      40
      30
      33
      32
      27
      33
      34
      24
      37
      23
      26
      31
      40
      41
      34
      34
      38
      28
      23
      35
      44
      24
      38
      26
      41
      31
      40
      42
      33
      30
      31
      33
      46
      35
      32
      37
      35
      30
      30
      33
      33
      27
      32
      30
      35
      30
      33
      35
      40
      32
      48
      25
      28
      45
      33
      25
      42
      34
      36
      33
      36
      41
      29
      45
      35
      36
      36
      35
      24
      33
      37
      25
      34
      22
      37
      22
      40
      20
      25
      33
      37
      43
      19
      35
      43
      39
      34
      33
      42
      40
      32
      33
      31
      40
      36
      41
      45
      29
      25
      31
      27
      34
      46
      43
      27
      37
      31
      32
      24
      30
      34
      33
      37
      36
      27
      35
      28
      41
      40
      36
      42
      36
      40
      32
      33
      39
      29
      42
      35
      36
      26
      49
      35
      45
      31
      38
      36
      38
      33
      26
      23
      32
      39
      25
      34
      26
      23
      35
      28
      29
      36
      27
      39
      40
      41
      24
      43
      35
      38
      35
      32
      39
      47
      28
      34
      27
      40
      34
      41
      32
      41
      25
      34
      41
      37
      22
      38
      25
      31
      38
      42
      27
      28
      37
      34
      23
      31
      45
      32
      40
      22
      34
      32
      35
      31
      42
      31
      38
      50
      31
      45
      28
      31
      33
      34
      31
      28
      36
      42
      43
      37
      36
      31
      29
      47
      30
      26
      26
      28
      33
      33
      44
      46
      33
      40
      27
      29
      34
      32
      43
      38
      34
      35
      30
      29
      38
      29
      35
      29
      39
      31
      40
      36
      37
      33
      27
      35
      27
      32
      38
      30
      38
      26
      32
      41
      35
      40
      43
      35
      37
      46
      31
      23
      22
      37
      32
      29
      34
      34
      36
      35
      39
      25
      35
      21
      37
      28
      32
      28
      39
      35
      44
      33
      37
      43
      35
      33
      38
      32
      37
      30
      40
      36
      34
      37
      47
      34
      44
      38
      30
      37
      36
      38
      37
      38
      31
      39
      39
      44
      36
      44
      38
      41
      34
      30
      44
      38
      25
      33
      31
      40
      48
      42
      37
      35
      32
      34
      36
      43
      44
      38
      40
      34
      39
      45
      37
      42
      34
      30
      38
      29
      37
      42
      34
      40
      48
      31
      44
      44
      43
      45
      29
      43
      39
      30
      43
      36
      28
      40
      42
      37
      52
      33
      33
      47
      47
      37
      41
      33
      43
      35
      40
      39
      28
      33
      41
      33
      34
      49
      31
      41
      47
      37
      40
      33
      45
      39
      46
      46
      53
      29
      37
      35
      34
      32
      56
      41
      35
      45
      39
      43
      49
      42
      46
      45
      35
      40
      39
      42
      39
      35
      40
      50
      48
      39
      37
      40
      44
      43
      48
      29
      57
      45
      33
      39
      50
      43
      36
      54
      40
      48
      46
      53
      41
      48
      54
      37
      44
      40
      54
      40
      38
      47
      37
      36
      44
      39
      50
      45
      37
      43
      45
      45
      32
      52
      39
      44
      54
      45
      41
      50
      42
      50
      40
      37
      38
      51
      46
      54
      44
      42
      39
      47
      42
      41
      45
      42
      36
      54
      46
      52
      45
      39
      50
      43
      46
      50
      36
      35
      39
      38
      49
      35
      44
      45
      51
      34
      37
      46
      42
      33
      47
      49
      40
      49
      46
      33
      47
      49
      38
      43
      41
      44
      38
      38
      46
      45
      42
      51
      51
      31
      43
      47
      44
      45
      44
      55
      48
      37
      38
      47
      40
      43
      47
      41
      32
      40
      44
      41
      56
      45
      41
      48
      46
      38
      47
      45
      45
      32
      48
      49
      36
      40
      50
      40
      35
      61
      37
      37
      47
      43
      38
      26
      37
      38
      50
      36
      51
      47
      44
      35
      41
      53
      42
      40
      36
      45
      44
      46
      33
      40
      46
      40
      41
      38
      43
      39
      47
      46
      47
      42
      37
      38
      27
      42
      35
      43
      49
      48
      45
      36
      48
      36
      44
      32
      46
      42
      41
      43
      31
      46
      46
      52
      51
      41
      43
      32
      56
      35
      35
      42
      37
      36
      38
      38
      36
      41
      40
      44
      48
      37
      39
      46
      44
      46
      34
      47
      43
      39
      42
      41
      37
      30
      44
      45
      44
      29
      43
      33
      35
      33
      34
      43
      41
      33
      43
      31
      42
      34
      40
      35
      32
      43
      48
      47
      40
      52
      38
      37
      50
      30
      41
      39
      44
      29
      34
      37
      39
      40
      37
      41
      39
      37
      30
      45
      42
      26
      51
      34
      49
      34
      49
      39
      32
      40
      39
      52
      27
      33
      37
      42
      39
      43
      43
      54
      32
      42
      30
      43
      51
      44
      49
      42
      44
      25
      40
      34
      39
      36
      39
      39
      39
      45
      34
      36
      45
      33
      35
      46
      35
      42
      39
      44
      37
      37
      33
      38
      41
      44
      39
      29
      46
      38
      21
      48
      38
      48
      34
      31
      47
      25
      35
      34
      49
      34
      39
      35
      35
      42
      36
      26
      31
      37
      39
      26
      31
      39
      38
      37
      31
      32
      42
      32
      40
      37
      31
      31
      33
      31
      45
      37
      33
      35
      40
      43
      42
      30
      45
      31
      43
      34
      33
      31
      44
      32
      38
      35
      42
      45
      41
      40
      35
      41
      37
      31
      36
      29
      34
      30
      40
      32
      40
      34
      38
      35
      38
      19
      25
      40
      32
      35
      38
      30
      33
      40
      32
      41
      31
      36
      46
      57
      25
      27
      45
      34
      33
      51
      33
      44
      46
      41
      35
      40
      37
      36
      46
      40
      29
      39
      48
      32
      48
      31
      34
      38
      39
      37
      32
      33
      27
      33
      40
      36
      35
      34
      40
      33
      41
      28
      34
      33
      27
      43
      38
      32
      31
      46
      33
      29
      32
      29
      39
      31
      32
      32
      36
      39
      45
      29
      31
      46
      38
      33
      33
      41
      54
      44
      34
      37
      26
      34
      32
      40
      35
      38
      31
      36
      34
      32
      39
      40
      36
      33
      45
      33
      30
      41
      29
      44
      36
      29
      43
      42
      37
      28
      29
      31
      35
      31
      24
      26
      31
      29
      38
      42
      40
      32
      34
      28
      31
      36
      30
      31
      30
      35
      36
      35
      32
      32
      42
      31
      30
      29
      36
      50
      34
      34
      41
      36
      44
      41
      37
      44
      31
      33
      30
      38
      31
      41
      28
      46
      31
      31
      35
      39
      28
      35
      43
      36
      46
      43
      39
      30
      31
      33
      32
      34
      40
      27
      43
      39
      38
      31
      35
      32
      46
      35
      40
      28
      44
      31
      34
      33
      45
      28
      34
      34
      38
      26
      39
      43
      36
      27
      37
      33
      34
      32
      32
      41
      37
      30
      39
      46
      35
      41
      42
      28
      36
      35
      31
      33
      40
      35
      33
      39
      41
      34
      39
      42
      37
      31
      31
      40
      37
      31
      46
      54
      29
      33
      34
      34
      25
      49
      42
      33
      32
      31
      40
      31
      37
      27
      35
      36
      35
      38
      37
      40
      36
      21
      36
      30
      29
      41
      50
      29
      40
      38
      36
      35
      32
      31
      42
      26
      36
      33
      39
      35
      25
      41
      26
      41
      19
      25
      38
      25
      31
      28
      34
      31
      37
      37
      24
      37
      28
      36
      33
      39
      39
      31
      35
      32
      33
      32
      36
      31
      34
      22
      37
      40
      41
      32
      31
      38
      29
      22
      38
      41
      39
      34
      30
      46
      39
      35
      29
      38
      31
      36
      44
      30
      42
      50
      32
      34
      44
      38
      27
      19
      33
      34
      37
      32
      35
      30
      42
      36
      35
      34
      35
      31
      30
      34
      35
      32
      42
      38
      33
      31
      37
      21
      28
      30
      29
      31
      31
      24
      32
      28
      25
      38
      38
      30
      34
      39
      40
      35
      30
      28
      36
      28
      37
      35
      30
      27
      37
      36
      38
      35
      33
      38
      21
      32
      27
      17
      36
      41
      45
      41
      39
      39
      28
      37
      27
      29
      26
      38
      33
      36
      29
      39
      42
      28
      41
      27
      35
      33
      33
      31
      44
      32
      37
      35
      29
      35
      41
      25
      21
      39
      35
      38
      32
      35
      41
      30
      29
      32
      39
      37
      29
      37
      36
      38
      25
      31
      41
      33
      31
      36
      41
      39
      32
      35
      37
      39
      37
      29
      35
      27
      33
      34
      40
      29
      27
      36
      35
      31
      36
      35
      29
      32
      29
      36
      28
      28
      34
      30
      31
      38
      30
      27
      27
      26
      39
      28
      31
      35
      32
      34
      37
      39
      30
      30
      46
      31
      36
      34
      32
      35
      33
      46
      25
      32
      14
      38
      36
      32
      24
      38
      24
      35
      30
      44
      38
      26
      32
      37
      57
      36
      40
      29
      35
      29
      38
      41
      39
      32
      45
      42
      32
      34
      29
      36
      29
      38
      46
      31
      35
      31
      40
      37
      36
      35
      16
      27
      37
      31
      33
      42
      33
      35
      32
      36
      27
      39
      28
      33
      28
      38
      32
      34
      36
      37
      40
      29
      45
      43
      27
      22
      34
      40
      35
      37
      38
      39
      32
      34
      32
      36
      30
      34
      29
      30
      26
      36
      30
      31
      33
      39
      20
      43
      31
      38
      28
      38
      42
      34
      30
      34
      29
      31
      36
      43
      30
      44
      39
      34
      37
      38
      30
      28
      23
      42
      38
      37
      34
      30
      19
      38
      23
      34
      41
      27
      34
      36
      37
      31
      37
      40
      36
      25
      34
      34
      31
      45
      36
      31
      37
      45
      31
      39
      32
      35
      32
      40
      38
      38
      36
      28
      35
      31
      34
      32
      43
      30
      37
      30
      31
      31
      31
      36
      31
      36
      34
      30
      34
      49
      41
      36
      33
      36
      40
      34
      40
      35
      39
      29
      29
      39
      25
      29
      36
      40
      43
      36
      41
      31
      34
      34
      52
      45
      38
      28
      35
      35
      24
      39
      37
      30
      35
      32
      38
      37
      27
      27
      38
      30
      41
      36
      39
      36
      42
      36
      36
      40
      39
      36
      42
      37
      38
      32
      31
      43
      28
      43
      32
      28
      42
      34
      34
      19
      31
      38
      41
      30
      45
      25
      22
      32
      29
      30
      41
      40
      31
      23
      39
      38
      34
      29
      32
      28
      41
      29
      24
      30
      38
      35
      35
      31
      29
      45
      38
      37
      37
      35
      31
      37
      33
      35
      40
      44
      24
      41
      32
      32
      29
      39
      36
      39
      28
      31
      34
      34
      37
      44
      34
      37
      31
      31
      35
      33
      29
      36
      36
      27
      33
      36
      21
      30
      45
      35
      35
      39
      43
      45
      35
      48
      21
      43
      29
      38
      38
      35
      32
      49
      36
      37
      34
      46
      52
      31
      33
      35
      37
      36
      32
      34
      45
      35
      42
      48
      35
      36
      41
      38
      34
      29
      23
      39
      32
      37
      38
      28
      42
      42
      36
      40
      36
      29
      37
      36
      34
      44
      40
      35
      35
      34
      41
      43
      36
      45
      34
      37
      38
      33
      32
      36
      34
      30
      31
      30
      32
      36
      37
      41
      40
      31
      37
      29
      39
      29
      35
      36
      46
      34
      38
      29
      27
      37
      38
      37
      37
      46
      44
      42
      27
      36
      62
      38
      36
      34
      32
      42
      40
      36
      35
      44
      36
      36
      35
      41
      33
      31
      46
      39
      40
      27
      28
      26
      29
      52
      44
      37
      45
      37
      30
      34
      33
      44
      34
      43
      30
      28
      40
      46
      43
      47
      38
      33
      25
      37
      39
      33
      35
      36
      37
      31
      36
      35
      35
      43
      38
      42
      35
      26
      27
      30
      39
      35
      30
      36
      39
      32
      37
      39
      41
      35
      31
      38
      29
      37
      33
      44
      40
      38
      36
      36
      32
      36
      35
      46
      44
      46
      35
      46
      37
      41
      33
      35
      37
      35
      49
      32
      38
      36
      40
      37
      38
      28
      33
      43
      38
      26
      44
      40
      33
      33
      28
      35
      34
      31
      45
      32
      42
      30
      34
      44
      42
      47
      28
      38
      34
      39
      33
      49
      55
      40
      36
      44
      40
      28
      37
      37
      37
      43
      39
      43
      27
      36
      40
      37
      32
      35
      32
      40
      32
      23
      49
      42
      43
      40
      44
      43
      43
      36
      36
      44
      28
      34
      40
      45
      36
      43
      27
      33
      36
      50
      41
      45
      32
      32
      51
      34
      39
      34
      38
      46
      46
      32
      31
      53
      36
      37
      52
      42
      37
      48
      47
      27
      37
      35
      39
      39
      41
      42
      37
      50
      30
      40
      48
      46
      38
      36
      38
      52
      54
      40
      34
      45
      29
      47
      33
      46
      38
      42
      31
      34
      28
      42
      34
      38
      38
      30
      36
      41
      40
      38
      48
      49
      44
      30
      39
      37
      35
      36
      48
      33
      49
      52
      39
      41
      54
      31
      39
      39
      37
      26
      29
      39
      43
      25
      41
      40
      33
      43
      47
      41
      31
      44
      45
      50
      32
      37
      34
      39
      29
      50
      37
      38
      40
      62
      35
      33
      44
      57
      41
      49
      35
      47
      32
      39
      34
      25
      45
      36
      39
      43
      41
      36
      46
      34
      31
      38
      43
      36
      31
      39
      44
      44
      36
      38
      42
      44
      40
      42
      43
      38
      40
      40
      37
      54
      35
      56
      38
      31
      35
      44
      42
      34
      37
      39
      43
      41
      40
      40
      42
      42
      30
      36
      32
      37
      56
      39
      37
      41
      41
      35
      35
      37
      49
      42
      42
      51
      40
      36
      38
      40
      36
      33
      50
      33
      37
      33
      40
      27
      41
      49
      32
      34
      43
      34
      36
      36
      37
      40
      54
      33
      41
      45
      38
      47
      39
      35
      43
      38
      34
      33
      47
      33
      36
      26
      38
      39
      35
      36
      38
      31
      42
      36
      37
      39
      47
      45
      36
      29
      39
      42
      30
      43
      40
      34
      41
      29
      36
      43
      36
      37
      34
      50
      40
      28
      43
      43
      35
      37
      45
      39
      43
      43
      37
      45
      43
      43
      36
      50
      47
      36
      40
      37
      39
      36
      32
      37
      35
      35
      32
      38
      41
      31
      39
      41
      40
      32
      43
      36
      32
      42
      36
      45
      30
      35
      29
      35
      38
      44
      34
      34
      53
      32
      35
      43
      36
      39
      41
      33
      39
      28
      39
      35
      30
      32
      43
      28
      28
      37
      33
      40
      32
      40
      37
      32
      31
      49
      40
      31
      39
      25
      28
      28
      48
      32
      41
      36
      33
      35
      46
      32
      40
      40
      46
      25
      32
      35
      37
      34
      32
      36
      30
      37
      36
      23
      40
      30
      35
      31
      34
      36
      30
      31
      26
      32
      28
      31
      31
      34
      23
      37
      30
      28
      27
      34
      33
      40
      32
      33
      32
      33
      25
      30
      29
      32
      47
      31
      23
      28
      25
      32
      24
      31
      27
      23
      26
      20
      31
      28
      31
      26
      35
      33
      29
      31
      30
      26
      24
      26
      33
      19
      19
      23
      23
      26
      25
      32
      30
      28
      26
      32
      39
      26
      27
      35
      27
      23
      29
      29
      36
      19
      26
      29
      25
      22
      16
      27
      32
      29
      28
      23
      26
      19
      21
      23
      20
      17
      24
      28
      17
      29
      21
      21
      26
      19
      30
      23
      17
      28
      19
      21
      25
      30
      17
      15
      19
      26
      19
      17
      18
      25
      23
      21
      17
      21
      32
      16
      18
      15
      17
      14
      22
      21
      24
      18
      21
      13
      12
      21
      20
      13
      21
      22
      20
      19
      32
      16
      18
      18
      18
      22
      12
      18
      21
      14
      19
      11
      21
      16
      15
      23
      14
      19
      13
       8
      17
       7
      19
      22
      10
      15
      12
      16
      17
      18
      25
      24
      11
      18
      22
      18
       9
      12
      12
      14
      14
      17
      13
      18
      16
      12
      15
      13
      15
      21
      10
       9
      18
      14
      19
       9
      14
      20
      12
      12
      15
      13
      11
      14
       9
      16
      18
       9
      20
      22
      20
      13
       5
      19
      14
      19
      17
      15
      17
      10
      10
      12
       9
      12
       8
      14
      13
      15
       7
      14
      14
      15
       8
       9
       9
       6
      16
      11
      14
      11
       9
       7
      14
      15
      12
      14
      12
      11
       6
      13
      15
      15
       8
      11
       5
      15
      13
      13
       6
      13
      15
      13
      14
      11
       8
       9
      11
      14
      12
      10
      11
       8
       8
      13
       9
      15
      12
      10
      14
       6
      10
      15
       7
      10
      12
      11
       7
      11
      11
      12
       8
      20
       9
      12
      12
      14
      10
      12
       9
       4
      11
       6
       8
       8
       8
       9
       8
       3
      10
      11
       7
      13
      15
      11
       7
       3
      10
       8
       5
       7
      14
       4
       8
       9
      13
      10
      14
      10
       6
       9
       9
      12
      10
      11
       5
      17
       7
      11
       4
      13
       6
       6
       5
       7
       3
       9
       6
       6
       4
      13
       8
      12
      14
       6
       7
       8
       5
       4
       7
      13
       6
      14
       5
       8
       6
      10
       7
       6
       7
       4
      15
       5
       5
       7
       5
      12
       7
       3
       9
      14
       7
       4
       4
      12
       7
      12
       4
      11
      11
       8
       2
       7
      10
       2
       7
       6
       7
       7
       4
       6
       6
       6
       5
       5
       9
       8
       5
       5
       8
       8
       5
       9
       8
       5
      10
       7
       6
       3
       8
       3
       6
       8
       5
       8
       9
       3
       5
       7
      11
       9
       9
       4
       9
       5
       6
       6
       6
      13
       7
       7
       4
       5
      10
      11
       7
       4
      10
       6
       6
       6
       3
      11
       6
       8
       9
       3
       6
       8
       9
       9
       6
       5
      12
       6
       6
       3
       8
       3
       4
       9
       5
       7
       6
       5
       4
       3
       6
       5
       5
       6
       4
       7
      10
       4
       2
       5
       8
       7
       8
       3
       6
       7
       3
       2
       7
       5
       5
       4
       4
      10
       5
       5
       6
       8
       4
       4
       6
       3
       3
       1
       3
       2
       5
       6
       1
      11
       4
       4
       5
       6
       3
       4
       2
       4
       7
       5
       4
       2
       3
       5
       4
       3
       5
       8
       8
       3
      10
      11
       6
       4
       4
       5
       7
       4
       4
       6
       1
       5
       5
       5
       6
       2
       5
       7
       5
       8
       2
       3
       4
       4
       2
       5
       8
       8
       7
       7
       5
       6
       7
       3
       4
       6
       4
       4
       6
       3
       6
       5
       6
       8
       3
       7
       6
       7
       1
       8
       8
       7
       1
       5
       5
       2
       5
       4
       3
       2
       5
       2
       4
       4
       2
       5
       6
       3
       6
       2
       5
       6
       5
       2
       2
       8
       3
       3
       6
      10
       5
       3
       3
       2
       4
       5
       7
       1
      11
       7
       4
       4
       6
       5
       6
       6
       5
       2
       2
       3
       4
       5
       3
       3
       7
       5
       2
       7
       4
       6
       6
       7
       5
       2
       5
       5
       3
       3
       5
       9
       6
       7
       1
       2
       1
       2
       4
       6
       3
       2
       2
       3
       5
       2
       7
       5
       3
       3
       1
       3
       4
       2
       5
       7
       1
       6
       4
       4
       4
       4
       4
       3
       7
       6
       3
       4
       3
       1
       4
       2
       5
       4
       1
       3
       5
       5
       2
       0
       4
       3
       3
       2
       5
      11
       5
       1
       4
       4
       9
       3
       3
       1
       4
       4
       3
       5
       3
       4
       5
       2
       3
       4
       5
       3
       1
       2
       1
       2
       4
       2
       5
       4
       3
       2
       4
       5
       4
       8
       3
       2
       2
       6
       5
       2
       6
       2
       4
       2
       1
       3
       2
       0
       4
       2
       2
       6
       2
       8
       0
       2
       4
       2
       3
       5
       2
       4
       3
       2
       5
       3
       9
       4
       4
       1
       1
       3
       6
       2
       1
       1
       5
       2
       4
       1
       1
       3
       2
       4
       2
       3
       1
       4
       2
       1
       4
       4
       3
       3
       6
       6
       9
       4
       4
       1
       2
       3
       3
       0
       5
       3
       4
       4
       2
       2
       3
       3
       3
       3
       2
       3
       3
       2
       2
       3
       2
       2
       2
       2
       1
       3
       7
       0
       4
       4
       2
       5
       0
       2
       1
       5
       1
       4
       1
       3
       3
       2
       1
       1
       6
       1
       2
       2
       2
       4
       3
       3
       3
       1
       4
       4
       5
       2
       6
       3
       8
       4
       4
       1
       1
       2
       4
       8
       2
       2
       4
       2
       0
       5
       3
       1
       0
       2
       1
       4
       3
       0
       3
       6
       2
       3
       0
       3
       2
       3
       7
       3
       1
       2
       5
       2
       5
       2
       4
       3
       2
       2
       1
       2
       3
       0
       4
       5
       1
       2
       2
       4
       1
       1
       6
       4
       1
       3
       0
       2
       3
       4
       3
       5
       3
       4
       3
       2
       1
       4
       1
       3
       2
       4
       2
       4
       1
       4
       2
       2
       5
       2
       2
       5
       3
       2
       3
       5
       1
       0
       3
       1
       3
       3
       3
       1
       3
       3
       3
       3
       2
       2
       2
       2
       2
       0
       3
       1
       3
       6
       4
       2
       0
       1
       4
       3
       1
       3
       1
       2
       2
       2
       3
       3
       0
       2
       1
       0
       1
       2
       2
       1
       4
       0
       5
       1
       2
       8
       4
       4
       3
       6
       4
       1
       7
       6
       3
       5
       5
       2
       3
       0
       4
       0
       1
       4
       1
       3
       4
       3
       3
       2
       0
       3
       3
       3
       4
       2
       0
       1
       1
       0
       4
       1
       3
       0
       5
       1
       0
       4
       3
       4
       4
       3
       0
       0
       1
       3
       1
       7
       3
       3
       1
       2
       3
       1
       3
       6
       3
       0
       0
       5
       3
       1
       2
       2
       2
       1
       2
       3
       4
       2
       2
       3
       0
       3
       2
       2
       2
       3
       1
       1
       0
       3
       3
       3
       3
       0
       0
       3
       0
       3
       0
       4
       3
       3
       3
       3
       4
       1
       4
       2
       3
       5
       1
       2
       2
       4
       1
       5
       0
       0
       4
       1
       3
       1
       3
       5
       3
       0
       1
       4
       3
       0
       3
       2
       0
       2
       0
       2
       1
       1
       2
       3
       2
       3
       1
       0
       0
       0
       2
       2
       6
       5
       1
       4
       3
       2
       4
       3
       2
       3
       1
       2
       1
       1
       2
       4
       2
       1
       2
       1
       1
       2
       2
       0
       2
       3
       1
       1
       1
       0
       2
       3
       4
       2
       5
       3
       2
       4
       5
       2
       1
       1
       1
       3
       3
       0
       3
       3
       3
       1
       2
       3
       0
       7
       3
       1
       3
       5
       3
       1
       6
       1
       2
       3
       1
       1
       2
       1
       1
       3
       1
       3
       4
       2
       2
       1
       0
       2
       4
       4
       1
       2
       2
       4
       7
       3
       1
       3
       1
       2
       4
       2
       6
       2
       6
       3
       2
       0
       1
       1
       1
       4
       3
       2
       3
       3
       1
       1
       2
       4
       1
       2
       4
       0
       5
       1
       0
       2
       2
       0
       2
       2
       5
       2
       5
       1
       2
       2
       2
       2
       2
       1
       3
       1
       3
       1
       1
       3
       1
       5
       1
       3
       1
       0
       3
       4
       2
       3
       0
       3
       3
       1
       3
       0
       2
       2
       4
       4
       2
       2
       3
       2
       1
       1
       3
       2
       2
       2
       1
       1
       3
       1
       0
       2
       3
       2
       0
       1
       1
       2
       2
       1
       2
       2
       5
       0
       3
       3
       3
       1
       2
       4
       1
       2
       1
       1
       3
       1
       3
       2
       1
       3
       7
       1
       2
       1
       1
       3
       3
       4
       3
       2
       7
       5
       3
       3
       2
       3
       1
       5
       3
       3
       2
       1
       2
       2
       3
       1
       0
       2
       3
       1
       3
       2
       4
       3
       1
       2
       4
       3
       2
       3
       4
       1
       1
       3
       4
       1
       5
       1
       6
       3
       5
       5
       3
       3
       5
       5
       2
       4
       4
       1
       0
       5
       5
       6
       3
       3
       2
       0
       4
       1
       6
       3
       1
       2
       4
       2
       2
       3
       2
       4
       1
       4
       2
       1
       5
       2
       3
       3
       3
       5
       4
       4
       2
       2
       2
       0
       4
       3
       2
       4
       5
       3
       2
       3
       4
       2
       1
       6
       2
       1
       5
       3
       3
       2
       2
       5
       5
       1
       4
       3
       2
       2
       3
       6
       4
       3
       1
       3
       0
       3
       5
       4
       3
       2
       1
       3
       3
       4
       3
       4
       0
       2
       2
       3
       3
       7
       5
       6
       3
       1
       0
       6
       3
       5
       2
       1
       2
       1
       3
       5
       2
       2
       0
       3
       3
       3
       5
       1
       1
       5
       0
       1
       2
       3
       4
       3
       5
       3
       1
       2
       2
       0
       2
       3
       2
       4
       3
       3
       4
       2
       2
       4
       2
       4
       2
       3
       4
       2
       2
       6
       4
       8
       3
       5
       6
       2
       1
       4
       1
       4
       0
       3
       2
       4
       8
       0
       0
       7
       2
       8
       5
       0
       4
       2
       7
       1
       3
       5
       3
       3
       7
       1
       5
       5
       9
       6
       2
       3
       6
       3
       5
       4
       5
       5
       3
       5
       7
       1
       5
       5
       5
       1
       3
       1
       4
       4
       5
       2
       3
       4
       4
       0
       0
       3
       2
       4
       8
       3
       8
       4
       3
       2
       5
       2
       2
       3
       5
       4
       5
       5
       6
       5
       4
       5
       7
       4
       5
       8
       6
       4
       3
       4
       3
       7
       7
       4
       7
       3
       7
       9
       3
      13
       8
       5
       6
       9
       5
       4
       7
       7
      10
       4
      10
       8
       4
      11
       7
       8
       7
      10
      10
       5
       6
       9
       3
       3
      12
       6
      12
       7
      10
       6
       9
       7
       9
       7
      15
      14
      12
      11
      11
      12
       3
      13
      13
       9
      15
      15
      16
       5
      10
      14
      17
      21
      13
      14
      17
      17
      13
      26
      18
      18
      17
      18
      14
      14
      21
      22
      19
      22
      20
      23
      26
      22
      25
      19
      26
      29
      25
      21
      14
      31
      26
      22
      27
      31
      33
      37
      31
      32
      24
      27
      32
      26
      36
      29
      32
      46
      48
      35
      32
      33
      36
      46
      47
      37
      51
      48
      32
      43
      49
      45
      49
      41
      63
      45
      56
      59
      59
      67
      65
      56
      66
      63
      67
      65
      57
      78
      73
      76
      72
      71
      80
      65
      85
      72
      75
      84
      82
      80
      74
      73
     102
      86
      95
      86
      91
      81
      78
      84
     108
     110
      82
      88
     114
     120
     106
     103
     112
     103
     113
     108
     109
      99
     109
     121
     119
     133
     126
     139
     129
     142
     138
     136
     134
     145
     144
     129
     154
     156
     162
     174
     164
     155
     156
     165
     182
     169
     170
     157
     158
     190
     193
     191
     172
     207
     201
     195
     188
     194
     197
     219
     201
     217
     206
     213
     251
     218
     256
     235
     226
     222
     253
     228
     239
     214
     237
     265
     264
     267
     279
     273
     275
     278
     290
     271
     277
     312
     267
     280
     264
     284
     285
     293
     288
     301
     325
     306
     329
     316
     310
     312
     295
     347
     298
     351
     334
     339
     321
     325
     373
     357
     357
     383
     379
     374
     335
     373
     347
     340
     392
     431
     383
     427
     393
     419
     404
     405
     414
     373
     405
     412
     401
     377
     403
     392
     394
     446
     454
     410
     456
     448
     458
     440
     405
     437
     427
     462
     479
     430
     428
     443
     504
     476
     410
     466
     461
     503
     480
     442
     477
     467
     501
     472
     489
     498
     477
     459
     488
     483
     523
     474
     494
     466
     484
     497
     519
     496
     510
     528
     507
     478
     486
     507
     514
     512
     493
     520
     507
     504
     508
     520
     538
     553
     490
     497
     498
     527
     510
     490
     498
     486
     470
     520
     546
     496
     541
     502
     546
     487
     605
     510
     550
     482
     532
     465
     501
     506
     536
     508
     543
     521
     527
     533
     502
     498
     507
     518
     547
     516
     529
     477
     488
     489
     512
     498
     513
     488
     480
     515
     531
     496
     505
     469
     485
     477
     487
     502
     512
     512
     515
     490
     437
     476
     485
     485
     479
     446
     456
     435
     469
     457
     433
     445
     451
     426
     425
     475
     437
     495
     456
     428
     419
     417
     437
     440
     423
     401
     419
     387
     390
     408
     421
     403
     385
     401
     380
     401
     383
     392
     400
     372
     364
     368
     368
     350
     383
     353
     353
     370
     355
     368
     359
     367
     377
     349
     337
     369
     355
     361
     348
     335
     322
     324
     301
     338
     304
     290
     326
     305
     280
     309
     315
     323
     294
     288
     273
     283
     273
     263
     275
     266
     286
     257
     251
     283
     249
     253
     237
     263
     250
     247
     284
     245
     249
     244
     228
     226
     254
     214
     238
     242
     212
     200
     217
     225
     201
     174
     206
     200
     211
     179
     187
     194
     210
     201
     194
     175
     182
     196
     170
     176
     170
     150
     151
     166
     178
     189
     191
     162
     163
     164
     143
     160
     162
     149
     157
     125
     150
     155
     141
     149
     144
     128
     123
     129
     161
     126
     129
     120
     110
     121
     110
     108
     109
     109
     105
     106
     121
     134
     125
      85
      91
     107
      96
     104
     119
     101
      78
     108
     117
      73
      88
      89
      73
      87
      90
      66
      73
      85
      94
      91
      90
      82
      86
      89
      73
      52
      70
      60
      78
      65
      72
      61
      62
      71
      60
      62
      55
      53
      67
      52
      61
      48
      41
      46
      60
      46
      53
      51
      47
      44
      54
      35
      39
      46
      41
      38
      37
      40
      40
      42
      42
      38
      35
      36
      39
      32
      46
      33
      42
      23
      34
      20
      32
      39
      31
      30
      26
      34
      30
      34
      27
      32
      25
      26
      27
      36
      19
      24
      29
      14
      31
      28
      23
      17
      21
      21
      17
      17
      24
      17
      20
      18
      15
      19
      19
      27
      14
      26
      18
      22
      19
      18
      12
      11
      12
      15
      14
       8
       9
       9
      11
      20
      16
      13
       8
      11
      10
      10
      14
       8
      12
       7
      11
      11
       7
      11
       9
      12
       5
      12
      10
       6
       3
       5
       7
       7
      12
       6
       4
      14
       7
       9
      10
       6
       2
       9
       9
       7
       5
      18
       8
       6
       5
       7
       5
       5
       8
       3
       4
       4
       2
       5
       7
       8
       4
       3
       4
       5
       7
       3
       3
       4
       3
       3
       4
       1
       3
       1
       4
       3
       6
       3
       3
       7
       1
       5
       3
       2
       4
       2
       3
       4
       3
       3
       5
       5
       0
       3
       5
       3
       2
       1
       3
       3
       2
       2
       2
       0
       2
       1
       4
       5
       4
       3
       1
       1
       0
       1
       1
       1
       0
       2
       0
       0
       1
       1
       0
       0
       2
       1
       2
       2
       1
       2
       3
       0
       1
       1
       0
       0
       0
       3
       1
       1
       2
       0
       1
       1
       0
       0
       1
       0
       1
       0
       0
       1
       1
       1
       0
       1
       2
       0
       1
       2
       2
       1
       0
       1
       1
       1
       2
       1
       0
       0
       0
       0
       0
       2
       0
       0
       0
       1
       0
       0
       1
       0
       1
       0
       0
       0
       0
       0
       0
       0
       0
       0
       0
       0
       0
       1
       0
       1
       0
       1
       0
       0
       2
       1
       0
       0
       0
       0
       0
       0
       0
       0
       0
       0
       0
       0
       1
       0
       0
       0
       0
       0
       0
       1
       0
       0
       0
       0
       0
       0
       0
       0
       0
       0
       0
       0
       0
       0
       0
       0
       0
       0
       0
       2
       0
       0
       0
       0
       0
       0
       0
       1
       1
       0
       0
       1
       0
       0
       0
       0
       1
       0
       1
       0
       0
       0
       0
       0
       0
       0
       0
       0
       0
       0
       0
       0
       0
       0
       1
       0
       0
       0
       0
       0
       0
       0
       0
       0
       0
       0
       0
       0
       0
       1
       0
       0
       0
       0
       1
       0
       0
       0
       0
       0
       1
       0
       0
       0
       0
       0
       0
       0
       0
       0
       0
       0
       0
       0
       0
       0
       0
       0
       0
       0
       0
       0
       0
       0
       0
       0
       0
       0
       0
       0
       0
       0
       0
       0
       0
       0
       0
       0
       0
       0
       0
       0
       0
       0
       0
       0
       0
       0
       1
       0
       0
       0
       1
       0
       0
       0
       0
       0
       0
       0
       0
       1
       0
       0
       0
       0
       0
       0
       0
       0
       0
       0
       0
       0
       0
       0
       0
       0
       0
       0
       0
       0
       0
       0
       0
       0
       0
       0
       0
       0
       0
       1
       0
       0
       0
       0
       0
       0
       0
       0
       1
       0
       0
       0
       0
       0
       0
       0
       0
       0
       1
       0
       0
       0
       0
       0
       0
       0
       0
       0
       0
       0
       0
       0
       0
       0
       0
       0
       0
       0
       0
       0
       0
       0
       0
       0
       0
       0
       0
       0
       0
       2
       0
       0
       0
       0
       0
       0
       0
       0
       0
       0
       0
       0
       1
       0
       0
       0
       0
       0
       0
       0
       0
       0
       0
       0
       0
       0
       0
       1
       0
       0
       0
       0
       0
       0
       0
       0
       0
       0
       0
       2
       0
       0
       0
       0
       0
       0
       0
       0
       0
       0
       0
       0
       0
       1
       0
       0
       0
       0
       0
       0
       0
       0
       0
       0
       0
       0
       1
       0
       0
       0
       0
       0
       0
       0
       1
       0
       0
       0
       0
       0
       0
       0
       0
       0
       0
       0
       0
       0
       0
       0
       1
       0
       0
       0
       0
       0
       0
       0
       0
       0
       0
       0
       0
       0
       0
       0
       0
       0
       0
       0
       0
       0
       0
       0
       0
       1
       0
       0
       0
       0
       1
       0
       0
       0
       0
       0
       1
       0
       0
       1
       0
       0
       0
       0
       0
       0
       0
       0
       0
       0
       0
       0
       0
       0
       0
       0
       1
       1
       1
       0
       0
       0
       0
       0
       0
       0
       0
       0
       1
       0
       0
       0
       0
       0
       0
       0
       0
       0
       0
       0
       0
       0
       1
       0
       0
       0
       0
       0
       0
       0
       0
       0
       0
       2
       0
       0
       0
       0
       0
       0
       0
       0
       0
       1
       0
       0
       0
       1
       0
       0
       0
       0
       0
       0
       0
       0
       1
       0
       0
       1
       0
       0
       0
       0
       0
       0
       0
       0
       1
       0
       0
       0
       0
       2
       0
       0
       0
       0
       0
       0
       0
       0
       0
       0
       0
       0
       0
       0
       0
       1
       0
       0
       0
       0
       0
       0
       0
       0
       0
       0
       0
       0
       0
       0
       0
       0
       0
       1
       1
       0
       0
       0
       1
       0
       0
       0
       0
       0
       0
       0
       0
       0
       0
       0
       1
       0
       0
       0
       0
       0
       0
       0
       0
       0
       0
       0
       0
       0
       0
       0
       0
       0
       0
       0
       0
       0
       0
       0
       0
       0
       0
       0
       0
       1
       0
       0
       1
       0
       0
       0
       0
       0
       0
       0
       0
       0
       0
       0
       0
       1
       0
       0
       0
       0
       0
       0
       0
       0
       0
       0
       0
       0
       0
       0
       0
       0
       0
       0
       0
       0
       0
       0
       0
       0
       0
       0
       0
       0
       0
       0
       0
       0
       0
       0
       0
       0
       0
       0
       0
       0
       0
       0
       0
       1
       0
       0
       0
       0
       0
       0
       0
       0
       0
       0
       0
       0
       0
       0
       0
       0
       0
       0
       0
       0
       0
       0
       0
       0
       0
       0
       0
       0
       0
       0
       0
       0
       0
       0
       0
       0
       0
       0
       0
       0
       0
       0
       0
       0
       0
       0
       0
       0
       0
       0
       0
       1
       0
       1
       0
       0
       0
       0
       0
       1
       0
       0
       0
       0
       0
       0
       0
       0
       0
       0
       0
       0
       0
       0
       0
       0
       0
       0
       0
       1
       0
       0
       1
       0
       0
       0
       0
       0
       0
       0
       0
       0
       0
       0
       0
       0
       0
       0
       0
       0
       0
       0
       0
       0
       0
       0
       0
       0
       0
       0
       0
       0
       0
       0
       0
       0
       0
       0
       0
       0
       0
       0
       0
       0
       0
       0
       0
       0
       0
       1
       0
       0
       0
       0
       0
       0
       1
       0
       0
       0
       0
       0
       0
       0
       0
       0
       0
       0
       0
       0
       0
       0
       0
       0
       0
       0
       0
       0
       0
       0
       0
       0
       0
       0
       0
       0
       0
       0
       0
       0
       0
       0
       0
       0
       0
       0
       1
       0
       0
       0
       1
       0
       0
       0
       0
       0
       0
       0
       0
       0
       0
       0
       0
       0
       0
       0
       0
       0
       0
       0
       2
       0
       0
       0
       0
       0
       0
       0
       0
       0
       0
       0
       0
       0
       0
       0
       0
       0
       0
       0
       0
       0
       0
       0
       0
       0
       0
       0
       0
       0
       0
       0
       0
       0
       0
       0
       1
       0
       0
       0
       0
       0
       0
       0
       0
       0
       0
       0
       0
       0
       0
       0
       0
       0
       0
       0
       0
       0
       0
       1
       0
       0
       0
       0
       0
       0
       0
       0
       1
       0
       0
       1
       0
       0
       0
       0
       0
       0
       0
       0
       0
       0
       0
       0
       0
       0
       0
       0
       0
       0
       1
       0
       1
       0
       1
       0
       0
       0
       0
       0
       0
       0
       1
       0
       0
       0
       0
       0
       0
       0
       0
       0
       0
       0
       1
       0
       0
       0
       0
       1
       0
       0
       0
       0
       0
       0
       1
       0
       0
       0
       0
       0
       0
       0
       0
       0
       0
       0
       0
       0
       0
       0
       0
       0
       1
       0
       0
       0
       0
       1
       0
       0
       0
       0
       0
       0
       0
       0
       0
       0
       0
       0
       0
       0
       0
       0
       0
       0
       0
       0
       0
       0
       0
       0
       0
       0
       0
       0
       0
       0
       0
       1
       0
       0
       0
       1
       0
       0
       1
       0
       0
       0
       0
       0
       0
       0
       0
       0
       0
       0
       0
       0
       0
       0
       0
       0
       0
       0
       0
       0
       0
       0
       0
       0
       0
       0
       0
       0
       0
       0
       0
       0
       0
       0
       0
       0
       0
       0
       0
       0
       0
       0
       0
       0
       0
       0
       0
       0
       0
       0
       0
       0
       0
       0
       0
       0
       0
       0
       0
       0
       0
       1
       0
       0
       0
       0
       0
       0
       0
       0
       0
       0
       1
       0
       0
       0
       0
       0
       0
       0
       0
       0
       0
       0
       0
       0
       0
       0
       0
       0
       0
       0
       0
       0
       0
       1
       0
       1
       0
       1
       0
       0
       0
       0
       0
       0
       0
       0
       0
       0
       0
       0
       0
       0
       0
       0
       0
       0
       0
       0
       0
       0
       0
       0
       0
       0
       0
       0
       0
       0
       0
       0
       0
       0
       0
       0
       0
       0
       0
       0
       0
       0
       0
       1
       0
       0
       0
       0
       0
       0
       0
       0
       0
       0
       0
       0
       0
       0
       0
       0
       0
       0
       0
       0
       0
       0
       0
       1
       0
       1
       0
       0
       0
       0
       0
       0
       0
       0
       0
       0
       0
       0
       0
       0
       0
       0
       1
       0
       0
       0
       0
       0
       0
       0
       0
       0
       0
       0
       0
       0
       0
       0
       0
       0
       0
       0
       0
       0
       0
       0
       0
       0
       0
       0
       0
       0
       1
       0
       0
       0
       0
       0
       0
       0
       0
       0
       0
       0
       0
       0
       0
       0
       0
       0
       0
       0
       0
       0
       0
       0
       0
       0
       0
       0
       0
       0
       0
       1
       0
       0
       0
       0
       0
       0
       0
       0
       0
       0
       0
       0
       0
       1
       0
       0
       0
       0
       0
       0
       0
       0
       0
       0
       0
       0
       0
       0
       0
       1
       0
       0
       0
       0
       0
       0
       0
       0
       1
       2
       0
       0
       0
       0
       0
       0
       0
       0
       0
       0
       0
       0
       0
       0
       0
       0
       0
       0
       0
       0
       0
       0
       0
       0
       0
       1
       0
       0
       0
       1
       0
       0
       0
       0
       0
       0
       0
       0
       0
       0
       0
       0
       0
       0
       0
       0
       0
       0
       0
       0
       0
       0
       0
       1
       0
       0
       0
       0
       0
       0
       0
       0
       0
       0
       0
       0
       0
       0
       0
       0
       0
       0
       0
       0
       0
       0
       0
       0
       0
       0
       0
       1
       0
       0
       0
       0
       0
       0
       0
       0
       1
       0
       0
       0
       0
       0
       0
       0
       0
       0
       0
       0
       0
       0
       0
       0
       0
       0
       0
       0
       0
       0
       0
       0
       0
       0
       0
       0
       0
       0
       0
       0
       0
       0
       0
       0
       0
       0
       0
       0
       0
       0
       0
       0
       0
       0
       0
       0
       0
       0
       0
       0
       0
       0
       0
       0
       0
       0
       0
       0
       0
       0
       0
       0
       0
       1
       0
       0
       0
       0
       0
       0
       0
       0
       0
       0
       0
       0
       0
       0
       0
       0
       0
       0
       0
       0
       0
       0
       0
       0
       0
       0
       1
       0
       0
       0
       0
       1
       1
       1
       0
       0
       0
       0
       0
       0
       0
       0
       0
       0
       0
       0
       0
       0
       0
       0
       0
       0
       0
       0
       1
       0
       0
       0
       0
       0
       0
       0
       0
       0
       0
       0
       0
       0
       0
       0
       0
       0
       0
       0
       0
       0
       0
       0
       0
       0
       0
       0
       1
       1
       0
       0
       0
       0
       0
       0
       0
       0
       0
       0
       0
       0
       0
       1
       0
       0
       0
       0
       0
       0
       0
       0
       0
       0
       0
       0
       0
       0
       0
       0
       0
       0
       0
       0
       0
       1
       0
       0
       0
       0
       1
       0
       0
       0
       0
       0
       0
       0
       0
       0
       0
       0
       0
       0
       0
       0
       0
       0
       0
       1
       0
       0
       0
       0
       0
       0
       0
       0
       0
       0
       0
       0
       0
       0
       0
       0
       0
       0
       0
       0
       0
       0
       0
       0
       0
       1
       0
       0
       0
       0
       0
       0
       0
       0
       0
       0
       0
       0
       0
       0
       0
       0
       0
       0
       0
       0
       0
       0
       0
       0
       0
       0
       0
       0
       0
       0
       0
       0
       0
       0
       0
       0
       0
       0
       0
       0
       0
       0
       0
       0
       0
       0
       0
       0
       0
       0
       0
       0
       0
       0
       0
       0
       0
       1
       0
       0
       0
       0
       1
       0
       0
       0
       0
       0
       0
       0
       0
       0
       0
       0
       0
       0
       0
       0
       0
       0
       0
       0
       0
       0
       1
       0
       0
       0
       0
       0
       1
       0
       0
       0
       0
       0
       0
       0
       0
       0
       0
       0
       0
       0
       0
       0
       0
       0
       0
       0
       0
       0
       0
       0
       0
       0
       0
       0
       0
       0
       0
       0
       0
       0
       0
       0
       0
       1
       0
       0
       0
       1
       0
       0
       0
       0
       0
       0
       0
       0
       0
       0
       0
       0
       0
       0
       0
       0
       0
       0
       0
       0
       0
       0
       0
       0
       0
       0
       0
       0
       0
       0
       0
       0
       0
       0
       0
       0
       0
       1
       0
       0
       0
       0
       0
       0
       0
       1
       0
       0
       0
       0
       0
       0
       0
       0
       0
       0
       0
       0
       0
       0
       0
       0
       0
       0
       0
       0
       0
       0
       0
       0
       0
       0
       0
       0
       1
       0
       0
       0
       0
       0
       0
       0
       0
       0
       0
       0
       0
       0
       0
       0
       0
       0
       0
       0
       0
       0
       1
       0
       0
       0
       0
       1
       0
       0
       0
       0
       0
       0
       0
       0
       0
       0
       0
       0
       0
       0
       1
       0
       0
       0
       0
       0
       0
       0
       0
       0
       0
       0
       0
       0
       0
       0
       0
       0
       0
       0
       0
       0
       0
       0
       0
       0
       0
       0
       0
       0
       0
       0
       0
       0
       0
       0
       0
       0
       0
       0
       0
       0
       0
       0
       0
       0
       0
       0
       0
       0
       0
       0
       0
       0
       0
       0
       0
       0
       0
       0
       0
       0
       0
       0
       0
       0
       0
       0
       0
       0
       0
       0
       0
       0
       0
       0
       0
       0
       0
       0
       0
       0
       0
       0
       0
       0
       0
       0
       0
       0
       0
       0
       0
       0
       0
       0
       0
       0
       0
       0
       0
       0
       0
       0
       0
       0
       0
       0
       0
       0
       0
       0
       0
       0
       0
       0
       0
       0
       0
       0
       0
       0
       0
       0
       0
       0
       0
       0
       0
       0
       0
       0
       0
       0
       0
       0
       0
       0
       0
       0
$ROI:
1
6124 6124
$PRESETS:
None
0
0
$ENER_FIT:
0.000000 0.088149
$MCA_CAL:
3
0.000000E+000 8.814904E-002 0.000000E+000 keV
$SHAPE_CAL:
3
0.000000E+000 0.000000E+000 0.000000E+000
