$SPEC_ID:
Cesio_23_maggio
$SPEC_REM:
DET# 9
DETDESC# COMPTON
AP# Maestro Version 7.01
$DATE_MEA:
03/27/2018 17:32:43
$MEAS_TIM:
300 300
$DATA:
0 8191
       0
       0
       0
       0
       0
       0
       0
       0
       0
       0
       0
       0
       0
       0
       0
       0
       0
       0
       0
       0
       0
       0
       0
       0
       0
       0
       0
       0
       0
       0
       0
       0
       0
       0
       0
       0
       0
       0
       0
       0
       0
       0
       0
       0
       0
       0
       0
       0
       0
       0
       0
       0
       0
       0
       0
       0
       1
      12
      15
      22
      26
      21
      17
      27
      27
      25
      26
      25
      30
      28
      16
      28
      29
      24
      38
      39
      28
      30
      29
      41
      34
      27
      36
      30
      34
      38
      25
      46
      35
      34
      51
      39
      42
      50
      52
      65
      65
      77
      66
      61
      62
     101
      62
      79
      66
      78
      77
      91
      64
      74
      74
      56
      59
      46
      46
      49
      51
      52
      41
      41
      65
      47
      36
      60
      50
      70
      45
      46
      40
      51
      38
      55
      58
      34
      42
      37
      38
      46
      39
      49
      42
      35
      42
      33
      43
      46
      38
      46
      51
      29
      28
      41
      38
      39
      51
      38
      30
      37
      34
      33
      30
      32
      32
      36
      42
      36
      41
      44
      46
      28
      35
      34
      38
      39
      33
      36
      42
      41
      37
      29
      35
      36
      33
      30
      43
      30
      35
      36
      41
      30
      35
      33
      31
      41
      34
      32
      23
      35
      38
      32
      35
      43
      43
      31
      36
      38
      30
      37
      32
      39
      30
      34
      39
      37
      36
      32
      37
      27
      38
      29
      38
      27
      23
      33
      32
      35
      34
      31
      31
      29
      28
      31
      37
      27
      31
      35
      26
      33
      34
      31
      37
      28
      31
      34
      31
      30
      34
      31
      38
      33
      33
      31
      28
      35
      28
      32
      28
      47
      31
      32
      33
      30
      29
      37
      31
      26
      32
      32
      32
      28
      35
      27
      27
      30
      36
      33
      39
      44
      32
      35
      38
      31
      32
      26
      25
      33
      38
      44
      31
      32
      37
      34
      38
      31
      48
      26
      40
      33
      24
      38
      23
      40
      34
      42
      35
      41
      42
      36
      44
      37
      31
      31
      34
      31
      31
      42
      29
      38
      37
      32
      25
      35
      23
      35
      27
      29
      26
      27
      37
      33
      29
      41
      28
      25
      26
      37
      41
      35
      24
      28
      25
      34
      23
      34
      30
      35
      25
      33
      26
      28
      32
      26
      20
      20
      31
      26
      26
      38
      35
      29
      29
      27
      33
      27
      31
      36
      35
      26
      21
      33
      29
      23
      26
      30
      31
      24
      27
      40
      22
      21
      28
      30
      26
      26
      30
      33
      21
      30
      17
      22
      25
      18
       9
      28
      17
      26
      27
      21
      30
      22
      40
      32
      29
      18
      35
      25
      24
      14
      21
      27
      26
      31
      23
      28
      26
      25
      25
      27
      31
      16
      26
      21
      20
      26
      32
      23
      23
      33
      30
      24
      21
      29
      23
      32
      23
      28
      13
      25
      32
      26
      24
      19
      30
      24
      20
      26
      21
      26
      20
      17
      17
      19
      27
      26
      16
      16
      19
      26
      28
      20
      19
      21
      21
      16
      18
      27
      17
      19
      26
      23
      20
      25
      15
      15
      19
      17
      21
      20
      17
      24
      25
      20
      25
      15
      27
      20
      21
      21
      16
      19
      31
      20
      20
      16
      25
      12
      16
      20
      20
      26
      17
      21
      14
      13
      15
      30
      13
      16
      18
      20
      30
      20
      31
      12
      22
      11
      16
      21
      19
      20
      18
      21
      14
      17
      15
      14
      20
      19
      30
      21
      23
      17
      10
      27
      27
      20
      15
      23
      18
      18
      21
      21
      17
      21
      17
      17
      20
      16
      13
      19
      14
      16
      16
      20
      18
      18
      12
      19
      23
      13
      14
      17
      20
      17
      17
      13
      28
      15
      19
      19
      13
      16
      18
      16
      16
      17
      17
      12
      16
      24
      19
      18
      23
      15
      25
      26
      18
      18
      15
      16
      25
      20
      16
      17
      18
      19
      24
      18
      14
      11
      22
      10
      14
      17
      15
      16
      16
      16
      18
      13
      16
      11
      19
      25
      22
      10
      18
       7
      11
      10
       9
      15
      14
      12
      15
      16
      13
       8
      16
      10
      11
      13
       6
      11
      13
      15
      14
      12
      16
      14
      12
      13
       6
      13
       7
      15
      16
       9
      12
      11
      16
       9
       6
      11
      11
       9
      16
      13
      13
      11
      11
       3
      18
      10
      15
      10
       9
       8
       9
      15
       8
       5
      14
       7
      14
      12
       9
      13
      17
       6
       9
      10
       9
       7
       9
      12
      10
       9
      11
       8
      12
       8
      13
       6
       4
       8
      10
       6
      11
      13
      12
       8
      10
      16
       5
       8
       4
       9
       7
       9
       9
      13
       7
       4
       8
       8
      11
       4
      10
       7
      14
      14
       9
       3
      13
      12
       9
      10
      12
      11
       7
      12
       8
      10
       5
       6
      14
       9
       4
      10
       8
      12
       9
       5
       9
      13
       8
      10
       6
      10
       8
      13
       8
       9
       7
       7
       7
       4
       8
       5
       6
       8
       7
       9
       6
       5
       4
       4
       6
       8
       3
       6
       6
      11
      13
      10
      10
       6
       6
       4
       8
       6
       7
       5
       9
      12
       9
       7
       4
       3
       8
      10
       6
       5
       8
       5
      10
      11
       3
       3
       6
       1
       9
       6
      10
       8
       7
       4
       5
       6
      12
       9
       5
       4
       3
      11
      11
       2
       9
       3
       8
      10
      10
       5
       4
       4
       4
       6
       8
       6
       5
       4
       7
       4
       7
       9
       2
       2
       5
       5
      10
       6
       7
      10
       7
       5
       4
       9
       6
       5
       7
       1
       2
       3
       8
       4
       3
       5
       6
       4
       8
       6
       4
       7
      11
       4
       5
       2
       5
      11
       4
       3
       8
       9
       4
      10
       9
       7
       4
       4
       8
       4
       7
      10
       9
       6
      10
       6
       9
      14
       7
       5
      12
       8
      13
      11
      12
      16
      22
      22
      21
      21
      22
      30
      17
      35
      36
      39
      34
      43
      50
      47
      57
      45
      63
      46
      51
      47
      53
      61
      65
      63
      70
      79
      61
      87
      98
     118
      91
     108
      88
      82
     101
      90
      98
      90
      77
      95
      99
      89
     115
      96
      88
      78
      88
     106
      96
      79
      90
      62
      69
      63
      58
      77
      64
      76
      64
      58
      53
      43
      47
      44
      45
      35
      26
      28
      31
      32
      21
      32
      28
      25
      25
      19
      14
      15
      23
       8
      21
      18
      17
       6
      14
       8
      10
      10
      11
      10
       7
      11
       9
       1
       8
       9
       4
       6
       5
       6
       2
       7
       6
       3
       5
       5
       6
       3
       7
       4
       4
       2
       5
       1
       3
       6
       2
       7
       3
       2
       6
       3
       5
       2
       6
       3
       2
       1
       3
       2
       5
       2
       0
       6
       1
       3
       3
       6
       2
       3
       3
       4
       2
       4
       2
       4
       6
       1
       4
       1
       3
       5
       2
       3
       4
       6
       0
       3
       3
       5
       4
       0
       2
       2
       2
       4
       4
       3
       1
       3
       3
       4
       2
       2
       2
       2
       2
       1
       2
       3
       5
       3
       1
       3
       4
       2
       2
       3
       4
       1
       3
       2
       1
       3
       3
       2
       1
       2
       6
       3
       2
       1
       7
       1
       3
       2
       5
       3
       2
       3
       5
       6
       2
       2
       3
       2
       5
       3
       4
       7
       4
       6
       2
       4
       3
       0
       3
       4
       3
       5
       3
       4
       3
       3
       2
       2
       0
       2
       2
       3
       2
       2
       3
       5
       3
       3
       3
       0
       4
       4
       5
       5
       2
       3
       3
       2
       1
       3
       3
       2
       2
       4
       3
       2
       0
       2
       7
       2
       3
       1
       3
       3
       3
       2
       7
       5
       3
       5
       3
       6
       1
       3
       5
       1
       2
       0
       0
       6
       2
       4
       2
       3
       0
       5
       0
       2
       1
       3
       3
       4
       2
       3
       4
       3
       0
       1
       2
       3
       1
       4
       6
       1
       3
       3
       2
       2
       4
       0
       1
       3
       1
       0
       1
       7
       0
       1
       4
       3
       0
       2
       1
       2
       4
       5
       2
       4
       4
       1
       1
       4
       2
       1
       4
       4
       2
       3
       2
       0
       4
       4
       2
       2
       1
       4
       1
       1
       1
       5
       0
       4
       3
       5
       4
       2
       2
       7
       6
       3
       3
       6
       2
       3
       1
       4
       4
       2
       2
       5
       3
       4
       6
       1
       3
       2
       3
       4
       2
       2
       5
       2
       2
       2
       4
       5
       5
       3
       2
       1
       3
       2
       1
       2
       3
       2
       2
       0
       4
       2
       3
       7
       4
       3
       5
       4
       3
       2
       1
       3
       5
       2
       3
       4
       2
       3
       3
       4
       2
       6
       3
       4
       2
       4
       1
       3
       4
       4
       4
       3
       4
       2
       5
       2
       2
       0
       4
       3
       1
       1
       3
       1
       3
       4
       1
       4
       4
       3
       2
       1
       2
       6
       3
       7
       1
       1
       3
       3
       4
       3
       4
       4
       2
       0
       3
       1
       1
       2
       7
       2
       2
       2
       5
       1
       2
       4
       2
       1
       5
       3
       3
       3
       1
       3
       2
       4
       1
       2
       4
       6
       3
       1
       1
       2
       3
       2
       5
       4
       3
       3
       1
       1
       2
       3
       3
       3
       3
       5
       1
       4
       2
       5
       1
       3
       2
       1
       1
       3
       0
       3
       2
       0
       3
       1
       6
       2
       3
       2
       3
       4
       3
       2
       0
       2
       1
       1
       1
       3
       5
       2
       3
       3
       4
       3
       1
       1
       3
       0
       2
       2
       6
       3
       2
       1
       2
       4
       3
       1
       3
       0
       2
       2
       4
       2
       4
       2
       4
       0
       4
       2
       0
       2
       1
       3
       4
       2
       2
       1
       5
       1
       0
       6
       5
       3
       6
       3
       2
       2
       2
       4
       3
       2
       0
       0
       3
       6
       3
       2
       3
       0
       4
       3
       2
       5
       2
       5
       3
       2
       3
       3
       2
       3
       1
       6
       2
       3
       3
       2
       3
       1
       8
       3
       1
       3
       4
       4
       2
       8
       1
       2
       2
       1
       3
       3
       5
       4
       5
       5
       2
       7
       1
       1
       2
       2
       2
       2
       1
       2
       5
       0
       2
       4
       0
       1
       2
       2
       0
       0
       2
       2
       3
       3
       1
       3
       1
       4
       4
       1
       4
       6
       1
       3
       1
       2
       3
       3
       0
       0
       1
       2
       2
       6
       3
       3
       1
       1
       0
       0
       2
       0
       1
       2
       4
       3
       4
       2
       4
       0
       2
       5
       2
       5
       4
       1
       3
       4
       4
       1
       2
       5
       1
       2
       1
       1
       1
       3
  