$SPEC_ID:
Cesio_23_maggio
$SPEC_REM:
DET# 9
DETDESC# COMPTON
AP# Maestro Version 7.01
$DATE_MEA:
03/27/2018 17:38:47
$MEAS_TIM:
300 300
$DATA:
0 8191
       0
       0
       0
       0
       0
       0
       0
       0
       0
       0
       0
       0
       0
       0
       0
       0
       0
       0
       0
       0
       0
       0
       0
       0
       0
       0
       0
       0
       0
       0
       0
       0
       0
       0
       0
       0
       0
       0
       0
       0
       0
       0
       0
       0
       0
       0
       0
       0
       0
       0
       0
       2
       1
       2
       0
       0
       0
       5
       7
      14
      12
       9
      20
      14
      10
      10
      14
      12
       8
      11
      16
      11
       8
      12
       9
      14
      12
      14
      18
      13
      15
      13
      10
      18
      23
      15
      10
      15
      18
      12
      17
      13
      10
      11
       9
      11
      19
      13
       7
       7
       9
      11
       9
      18
      16
      14
      19
       9
      12
      19
      15
      17
      16
      14
      18
      16
       7
      13
      14
      14
      12
      14
      14
      15
      17
      12
      24
      12
      19
      15
      20
      21
      12
      18
      20
      18
       9
      21
      19
      16
      18
      14
      21
      18
      12
      22
      10
      16
      11
      19
      11
      12
      21
      24
      25
      16
      19
      16
      26
      26
      19
      28
      11
      24
      11
      13
      21
      16
      24
      16
      21
      28
      27
      21
      19
      16
      18
      23
      29
      27
      19
      24
      28
      30
      30
      28
      34
      34
      33
      44
      40
      41
      39
      38
      48
      48
      46
      37
      41
      50
      44
      38
      41
      41
      47
      47
      37
      49
      48
      32
      29
      32
      37
      36
      32
      35
      34
      37
      42
      26
      29
      19
      42
      28
      34
      28
      29
      37
      35
      26
      30
      32
      29
      28
      42
      22
      33
      33
      29
      28
      24
      29
      23
      28
      21
      25
      25
      35
      20
      33
      36
      28
      32
      19
      28
      24
      26
      21
      28
      26
      25
      23
      20
      19
      19
      16
      15
      17
      22
      27
      18
      14
      26
      17
      21
      14
      22
      22
      16
      23
      22
      19
      28
      26
      21
      26
      20
      26
      24
      21
      18
      27
      24
      24
      11
      16
      27
      26
      19
      22
      29
      29
      22
      27
      23
      14
      25
       9
      17
      20
      19
      17
      23
      24
      20
      21
      22
      20
      21
      14
      17
      13
      26
      21
      27
      27
      11
      27
      18
      15
      24
      16
      15
      20
      20
      14
      20
      17
      26
      22
      25
      27
      20
      26
      23
      19
      16
      18
      25
      17
      13
      20
      30
      20
      26
      15
      22
      20
      16
      25
      19
      15
      11
      25
      17
      26
      22
      18
      24
      20
      32
      15
      20
      20
      19
      16
      16
      22
      22
      26
      14
      22
      13
      24
      27
      29
      13
      13
      19
      13
      17
      23
      21
      19
      19
      25
      17
      20
      26
      20
      19
      22
      23
      20
      24
      19
      27
      19
      19
      14
      14
      21
      24
      19
      20
      16
      19
      23
      10
      16
      15
      26
      18
      32
      18
      16
      17
      15
      17
      16
      17
      15
       8
      13
      14
      23
      22
      16
      23
      27
      23
      21
      19
      17
      21
      20
      25
      24
      10
      23
      22
      21
      30
      19
      25
      26
      14
      23
      20
      13
      22
      17
      18
      23
      17
      18
      18
      18
      22
      19
      17
      19
      22
      15
      19
      19
      21
      25
      17
      26
      16
      21
       9
      18
      13
      25
      22
      19
      21
      22
      24
      20
      17
      15
      23
      20
      23
      19
      20
      21
      16
      12
      29
      17
      20
      16
      18
      34
      10
      18
      18
      16
      20
      11
      19
      15
      19
      18
      18
      26
      23
      24
      17
      26
      27
      23
      17
      20
      28
      13
      17
      13
      24
      17
      20
      14
      20
      24
      18
      27
      22
      23
      27
      20
      12
      27
      18
      15
      16
      12
      24
      20
      18
      23
      16
      18
      21
      18
      19
      24
      20
      15
      16
      16
      22
      17
      19
      21
      27
      13
      21
      18
      25
      23
      20
      16
      29
      16
      18
      23
      15
      18
      12
      15
      25
      18
      16
      20
      17
      19
      17
      17
      15
      17
      12
      19
      20
      20
      17
      14
      17
      12
      16
      21
      15
      17
      15
      20
      13
      19
      17
      18
      19
      13
       8
      22
      17
      14
      18
      20
      15
      19
      23
      21
      25
      23
      14
      17
      16
      16
      11
      19
      16
      12
      10
      17
      22
      15
      20
      20
      13
      13
      18
      14
      10
      31
      13
      16
      17
      19
      26
      16
      17
      13
      17
      22
      14
      18
      25
      21
      17
      19
      17
      17
      23
       8
      16
      11
      15
      13
      22
      15
      14
      15
      19
      19
      12
      28
      17
      14
      10
      23
      29
      22
      18
      13
      17
      22
      15
      10
      17
      20
      19
      14
      21
      16
      16
      18
      13
      13
      18
      11
      13
      16
      16
      17
      18
      12
      18
      11
      15
      11
      20
      15
      19
      20
      20
      11
      13
      17
      14
      15
      20
      12
      12
      14
      16
      12
      15
      16
       9
      17
      14
      15
      23
      18
      16
      17
      15
      17
      17
      23
      13
      17
       8
      10
      24
      15
      12
      10
      13
      17
      13
      22
      23
      15
       8
      18
      13
      20
      13
      17
      10
      10
      15
      25
      13
      11
      12
      10
      18
      18
       9
      16
      17
      14
      11
      15
      16
      10
      15
      10
      16
      17
      12
      16
      13
      23
      12
       7
      21
      16
      11
      12
      16
      10
      17
      16
      16
      14
      13
       8
      11
      18
      14
      11
      15
      16
      12
       6
      10
      18
      12
      19
      12
       6
      13
       9
       6
      16
      12
      11
      13
      18
      10
      15
       7
      13
      15
      10
      14
       8
      13
       8
      12
      11
      11
      13
      12
      10
      15
      13
      14
      10
       9
      17
       8
       8
      19
      11
      17
       9
      22
      12
       9
      18
       9
       9
      10
       9
      18
       8
      14
      19
      11
       9
      11
      12
       9
      12
      13
      18
      16
      10
      11
       3
      12
      12
      12
      10
      13
      19
       8
       6
       7
      12
      10
      13
      11
      11
      14
      12
       9
      10
       9
      11
      14
       8
      14
      15
      14
      16
      10
      11
       8
       9
       9
      10
      14
      14
      14
      16
       9
      12
      11
      13
      10
      12
       8
      15
      14
       9
      17
       6
      11
      13
      13
      19
      16
      14
      12
      14
      11
      12
      11
      19
      10
      15
      13
      16
      10
      11
       8
       9
       9
      12
      10
       8
      21
       8
      13
       6
       7
      15
      17
       9
      12
      12
      19
      16
      13
      16
      12
      10
       9
      10
      13
      14
       8
       9
      12
      12
       6
      10
      11
      15
       8
       6
       8
       6
      12
      10
       8
      11
       8
      11
       8
      11
      15
       5
      12
       6
      13
       7
       7
      11
      10
       6
      11
       9
       9
       4
       3
      11
       7
       9
      11
      18
       8
      14
      11
       9
      12
       9
       8
      17
      11
      11
       8
       7
       7
      11
      15
      11
      11
       9
      10
       9
      11
      10
       9
      12
      10
      11
      11
       8
       7
      13
       7
      10
      10
      12
       7
      16
      10
      11
       7
       5
      12
      12
      11
       6
       6
      12
       6
      10
       3
      10
       3
       8
      11
       5
       8
      11
       8
       9
       7
       8
       9
       7
       6
       8
      10
       5
      10
       9
       9
      13
       8
       7
       7
       6
       9
      10
      12
       6
       5
      10
       9
       8
       7
       7
      10
       9
       8
       8
       3
       9
       6
      10
       9
       5
       7
      11
       8
      10
       9
       7
      10
       4
       7
       5
       8
      11
       5
       9
       8
       6
       5
       7
       9
       8
       8
       9
      11
       7
       6
       7
       9
      10
      10
       7
       7
       7
       6
       9
       5
       6
       8
       6
       6
       7
      10
       9
       7
       5
      12
       7
       6
       6
      10
       6
       6
      10
       5
       6
       4
       9
       4
       4
       6
       8
       9
       7
       3
       3
       8
       2
       4
       9
       9
       6
       5
       5
       6
       7
       7
       5
       7
      11
       6
       5
       5
       8
      10
       6
       4
       7
       2
       9
       4
       6
       5
       5
       4
       9
       7
       8
       7
       8
       4
       7
       5
       5
       6
       8
       7
       4
       5
       5
      14
       3
       6
       7
       7
       6
       5
       5
       6
       6
       2
       2
       2
       6
       7
       4
       5
      12
       5
       1
       5
       7
       4
       3
       6
       4
       7
       9
       9
       6
       4
       3
       4
       6
       6
       2
       3
       3
       4
       5
       5
       3
       4
       8
       2
       6
       8
       1
       3
       4
       2
       7
       5
       6
       5
       4
       7
       1
       6
       5
       3
       8
       4
       7
       9
       2
       6
       7
       6
       5
       6
       3
       4
       6
       5
      10
       7
       3
       4
       6
       5
       2
       5
       0
       2
       1
       5
       5
       3
       4
       5
       6
       7
       6
       2
       3
       3
       2
       3
       2
       5
       3
       2
       8
       6
       5
       5
       5
       5
       9
       8
       6
       4
       3
       5
       7
       5
       7
       1
       8
       4
       5
       5
       4
       4
       4
       7
       0
       4
       4
       3
       7
       5
       9
       5
       6
       7
       3
       7
       3
       5
       2
       3
       4
       2
       7
       7
       4
       5
       6
       3
       5
       2
       3
       5
       1
       3
       4
       1
       0
       1
       6
       1
       3
       6
      11
       6
       5
       4
       2
       7
       4
       1
       6
       3
       1
       4
       2
       1
       1
       3
       5
       0
       6
       2
       3
       7
       4
       5
       2
       5
       4
       4
       4
       6
       2
       2
       3
       5
       4
       4
       3
       3
       1
       5
       4
       4
       6
       3
       3
       4
       4
       2
       6
       3
       1
       2
       5
       2
       4
       3
       2
       3
       2
       3
       3
       5
       4
       3
       3
       3
       3
       2
       8
       5
       1
       2
       3
       5
      11
       1
       3
       1
       3
       2
       5
       3
       4
       7
       5
       3
       5
       6
       5
       4
       3
       4
       3
       3
       4
       5
       3
       4
       2
       6
       3
       5
       5
       1
       4
       2
       4
       2
       4
       6
       1
       0
       1
       2
       2
       1
       4
       1
       5
       2
       4
       1
       8
       3
       8
       5
       1
       7
       3
       5
       4
       1
       3
       1
       3
       3
       1
       2
       3
       1
       3
       5
       5
       6
       3
       1
       8
       2
       1
       5
       4
       5
       2
       4
       4
       4
       1
       1
       4
       1
       3
       2
       5
       2
       6
       4
       4
       1
       6
       3
      11
       3
       3
       7
       7
       7
       5
       5
       3
      11
       4
       6
      11
       4
       6
       7
      10
       5
       7
      13
      12
       9
       6
      13
      11
       7
      14
      10
      14
      11
      18
      12
      19
      17
      15
      20
      22
      20
      15
      24
      35
      13
      30
      28
      20
      37
      20
      29
      35
      23
      31
      39
      21
      41
      43
      37
      36
      31
      40
      37
      41
      43
      31
      47
      33
      45
      39
      59
      63
      54
      56
      37
      45
      58
      57
      47
      41
  