$SPEC_ID:
Cesio_23_maggio
$SPEC_REM:
DET# 9
DETDESC# COMPTON
AP# Maestro Version 7.01
$DATE_MEA:
03/27/2018 17:20:40
$MEAS_TIM:
300 300
$DATA:
0 8191
       0
       0
       0
       0
       0
       0
       0
       0
       0
       0
       0
       0
       0
       0
       0
       0
       0
       0
       0
       0
       0
       0
       0
       0
       0
       0
       0
       0
       0
       0
       0
       0
       0
       0
       0
       0
       0
       0
       0
       0
       0
       0
       0
       0
       0
       0
       0
       0
       0
       0
       0
       3
       0
       4
       0
       0
       2
       5
       4
       5
       2
       3
       9
       9
       9
       6
       4
       7
       7
       3
       7
       6
       2
       5
       7
       5
       8
       6
       8
       6
       3
       9
      10
       2
       8
       6
       4
       7
       7
       7
       3
       4
       4
       9
       4
       4
       9
       5
       3
       9
       6
      14
       6
       7
       7
       8
       4
      15
       6
      11
       8
       6
       6
       9
       9
       8
       6
       9
       8
       5
       5
       8
       9
       5
       3
       7
      12
       6
       4
       8
       4
       7
       7
       9
       6
       7
      11
       2
       9
      13
       4
      10
       3
       7
       7
       7
       8
       8
       6
       6
       5
      11
       4
       5
       5
       6
       1
       8
       9
       8
      10
       6
       9
       4
       7
      13
       4
      10
       9
       8
      10
       9
       5
       7
       7
       8
      13
       6
      13
      10
      10
       6
       6
       6
       6
      10
      10
       7
       7
      12
       8
      12
       7
      11
      10
       7
       6
       5
       8
      10
      11
       9
       8
       2
       6
       9
       6
      13
      10
       7
       4
       6
      11
      17
       8
       9
      10
      14
      15
       7
       8
       8
      14
       7
       5
      10
      11
       8
       7
       9
      14
       8
       8
      10
       7
      11
       6
      11
      10
       8
       8
       9
       8
      13
      11
       6
      15
      10
       7
      14
      10
       7
      17
      15
      12
       8
      14
      11
      12
      11
      12
      11
       9
       7
       8
       7
       4
      15
      11
      10
       9
      11
      10
      11
      11
       8
      11
      13
       9
      15
       9
      11
       5
      10
       9
      13
      11
      12
      10
       8
      14
      13
      14
      10
      11
      13
      14
      10
      11
      17
       8
       8
      10
      14
      16
      12
       9
       7
      12
       9
      11
      10
      17
      12
      13
       9
      14
      14
       9
      18
      13
      23
      13
      19
      13
      14
      17
      21
      16
      15
      22
      18
      24
      13
      26
      33
      19
      29
      23
      17
      24
      20
      24
      29
      41
      18
      20
      29
      30
      18
      29
      21
      22
      21
      27
      28
      28
      23
      26
      36
      21
      32
      21
      24
      29
      18
      24
      27
      22
      20
      37
      20
      24
      18
      19
      30
      34
      16
      22
      18
      20
      23
      26
      28
      18
      18
      15
      16
      14
      16
      18
      19
      16
      17
      19
      30
      16
      20
      25
      29
      15
      16
      23
      18
      21
      23
      23
      15
      15
      25
      12
      14
      16
      20
      20
      14
      26
      14
      18
      28
      21
      12
       9
      17
      16
      20
      14
      22
      17
      13
      13
       9
      10
      19
      16
      22
      16
      16
      16
      10
       7
      11
      20
      15
      13
      11
      14
      18
      25
      14
      16
      10
      14
      17
      14
      10
      11
       7
      11
      13
      14
      12
      13
      10
      14
      14
      16
      15
      19
      16
      14
      11
      12
      15
      13
       9
      13
       7
      12
      15
      10
       9
      10
      15
       6
      13
      10
      11
      10
       9
      14
      13
      20
      14
       5
       8
      11
       8
      12
       6
       9
      17
      10
      12
      14
      17
      10
      18
      12
      14
       9
      10
      18
      13
      16
      12
      13
      13
      17
      16
      15
      14
      14
       5
      11
      14
       7
       9
      12
      11
       8
      13
      14
      16
      12
      19
      13
      13
      10
      10
       9
      11
      16
      15
      13
      15
      10
      10
      14
      12
      15
      10
       7
      13
       8
      10
      17
      13
      10
      20
      11
       9
      13
      15
       9
      17
      15
      14
      10
      13
      12
       9
      12
      16
      17
      16
      12
      15
       9
       5
      12
      11
      10
       8
      13
      12
      23
      11
      10
      16
      19
       9
      16
      13
       9
      17
      10
      10
       8
      11
      13
      14
       6
      14
      13
      15
      12
      14
      19
      11
      12
      10
      15
      12
      13
      15
      14
      12
      13
      11
      10
       8
       4
      11
      15
      12
      10
      12
      13
      14
      17
       9
      13
      13
      20
      11
       8
       8
      16
      15
      14
      10
      15
      13
      10
      13
       9
      10
       7
      16
      16
       8
      17
      15
      10
      20
      14
      10
       6
       7
      18
      12
       9
      20
      15
      11
      11
      12
      11
      12
      13
      14
      17
      13
       8
      13
      19
      14
      11
      11
      12
      13
      11
      13
      12
      19
       8
      12
      17
       9
       9
      14
      12
      14
      11
      16
      11
      14
      16
      11
      19
      16
      13
       9
      13
      16
      10
      14
      13
       7
      12
      14
      15
      10
      13
      13
      11
       7
       9
      13
      11
       7
      18
      17
       7
      15
       9
       5
      12
      13
       9
      12
       8
      12
      16
      10
      12
       9
       8
      11
      13
      14
      10
      12
       9
       6
      13
      13
      10
      12
       4
      16
       8
      14
      13
       7
      10
       9
      10
      10
       8
      11
      12
      12
      15
       8
      19
      12
      11
      12
       5
       9
      23
      13
      18
      13
      12
      10
      10
      17
      13
      15
      12
      16
      11
       9
       9
      12
       9
       6
      15
      17
       7
      11
       8
      14
      11
      14
      13
       8
       8
      10
      10
      15
       8
       8
      16
      11
       7
      12
      13
       7
       9
      10
      11
      13
      13
      12
       8
       7
      11
      12
      10
       7
      11
      11
      10
      10
       9
       9
       9
      10
      14
      10
      11
      16
      13
       6
      13
      12
       8
      15
      10
      14
      10
      10
      11
      13
      13
      12
      12
       8
       7
      11
      12
      13
       7
      12
       7
      11
       7
       9
      18
      14
       8
      14
       9
      16
      15
      16
      16
      11
      13
      11
       9
      19
       6
      15
      15
      13
      10
      14
       5
      11
      17
      16
      14
       6
      13
       9
      11
      19
      12
      14
      17
      12
      12
       7
      11
      18
      12
      13
       8
      13
       3
      10
       9
      13
      13
       7
       9
      16
      12
       7
      12
      11
       8
       9
      14
      13
      12
       9
       8
       8
      11
       7
      10
      12
      15
       9
      12
      13
       8
      13
       6
       8
      15
      12
      10
      15
      12
      14
       6
       6
      17
      17
      16
      16
      18
      15
       8
      11
      22
       7
       9
      25
      12
      11
      14
      17
      12
       9
      12
      14
      10
      10
      16
       9
       9
       8
       7
      14
       7
      10
      12
      11
      13
      15
       6
       9
      10
      10
       8
      15
       9
      12
      12
      10
      13
       8
       9
      10
       8
       7
      12
       9
      15
      12
      10
      14
      13
       8
      14
       9
       8
      11
      13
       8
       9
       8
       9
      11
      15
       5
      10
      13
      10
      11
      13
      10
      10
       6
      13
      12
      11
       8
       6
       7
      14
       8
       8
      15
      14
      13
      11
       9
      11
       8
      13
      18
       9
       5
       7
       6
       9
      12
      11
      15
      14
      10
       9
      12
      10
      13
      10
       6
       6
      12
      10
       7
      10
      10
       8
      11
      10
      11
      18
       8
      13
       7
      11
       7
      14
      16
       9
       5
      13
       9
      10
      13
       9
       2
      12
       6
      16
       8
       4
       9
      11
      15
      14
      10
       7
       8
       9
       8
      12
       8
       9
       5
       9
      13
      10
      14
       6
      14
       7
      10
       8
      12
      10
      16
      12
       7
      14
      16
       5
       7
      11
      10
      10
       7
       8
      13
       2
       4
      12
       9
       7
      13
      13
      10
      11
       6
      10
       7
       6
      10
       6
       8
       9
       6
      11
       9
       8
      12
       9
       8
       7
       8
       6
      14
      10
      12
       7
      12
      10
      13
      17
      15
      14
       9
      10
      13
       8
       8
       4
       9
      10
       8
      10
      10
      12
       6
       9
       6
      13
      10
       6
       8
       7
       8
       6
      11
       8
      10
       6
       7
      11
      11
       7
      10
      11
       9
       4
      11
       8
      11
      10
      19
      15
       8
      11
       8
       5
      15
       7
       9
       7
       9
      10
       8
      10
       9
       8
      10
       5
      14
       7
      16
       9
      12
       7
      12
      12
       7
       9
      10
       7
       7
      13
      14
      12
       5
       7
      12
      10
      11
       6
       9
       9
      11
       9
      13
       2
      11
       5
      13
      11
      12
       9
       6
      13
      14
      11
      12
       8
       5
      10
       6
      10
       7
       9
       3
       5
       9
       6
       7
      12
       9
      11
       8
       5
      12
       6
       9
      10
       6
       3
       7
       7
       4
      10
      14
      10
       5
       9
       4
       9
      14
       5
      11
       9
       7
       5
       6
       7
      11
       6
      11
       1
       5
       9
       9
       9
       7
       3
       9
       7
       7
       7
       5
      14
       8
       8
      11
       8
      10
      10
      10
      10
       4
       6
       8
      11
      10
       8
       8
       7
      13
       4
       3
      10
       2
       8
       9
      14
       9
      10
       4
      13
       7
       6
       8
       6
       4
      14
       7
      13
      15
       5
      11
      12
       7
       6
       5
       9
       5
       4
       7
      10
       7
      11
       8
       9
      11
       9
      10
       8
       5
       6
       7
       5
       5
       8
       5
      14
      10
       9
       4
       8
       3
      10
       5
       7
      13
       8
      10
       8
       7
       4
       7
       5
       9
       9
       2
       9
       9
       7
       9
       8
       9
       9
      10
       7
       8
       6
       6
       6
       8
       6
      10
       6
       5
       9
       9
       7
      11
      10
       5
       5
       8
       4
       6
      13
       7
      12
      14
       7
       4
      10
       6
      10
       9
       8
       8
       7
       6
       6
       2
       3
       2
       7
       6
       4
       7
       7
      11
       7
       9
       9
       6
       2
       4
       8
       9
       8
       3
       6
       4
      10
       6
      13
       3
       8
       8
       8
       7
       4
      13
      16
       8
       9
      10
      17
       6
       7
       9
       6
      11
       9
       4
       5
      11
       3
       6
       6
       7
      10
       4
       7
       9
       7
       7
       4
       5
       8
       6
      11
       8
       6
      10
       5
       6
       7
       4
       6
      12
       6
      10
       8
       8
      11
      11
       7
       5
       7
       8
       6
      10
       4
       6
       7
       9
      12
       7
      10
       9
      12
       6
       9
       8
       7
       6
       4
       4
       2
      11
       8
      11
       4
       8
       3
       7
       6
       8
       8
       7
       8
       7
       7
       5
       5
       2
       4
      11
      10
      11
       4
       6
       5
      10
       9
       6
       5
      11
       6
       9
       6
       6
      15
      10
       9
       2
       5
       7
       4
      10
       7
       5
       4
       6
       8
       6
       9
       4
       6
       2
      10
       5
       3
       6
       7
       7
       6
       7
       9
       3
       5
      10
       5
       4
       5
       6
       9
      12
       4
       6
       6
      11
       3
      11
       9
      11
       5
       9
      10
      12
       3
       7
      10
       6
  