$SPEC_ID:
Cesio_23_maggio
$SPEC_REM:
DET# 9
DETDESC# COMPTON
AP# Maestro Version 7.01
$DATE_MEA:
03/27/2018 17:49:46
$MEAS_TIM:
300 300
$DATA:
0 8191
       0
       0
       0
       0
       0
       0
       0
       0
       0
       0
       0
       0
       0
       0
       0
       0
       0
       0
       0
       0
       0
       0
       0
       0
       0
       0
       0
       0
       0
       0
       0
       0
       0
       0
       0
       0
       0
       0
       0
       0
       0
       0
       0
       0
       0
       0
       0
       0
       0
       0
       2
       8
      11
       9
       5
       0
       0
       6
       7
       4
       6
      10
       8
       8
       4
       4
      12
       7
       8
       5
       9
       7
       4
      14
       4
       7
       5
       6
       8
       8
      14
       9
       6
       3
       6
       7
       7
       5
       5
       8
       7
       7
       6
       6
       3
      12
       4
      11
       6
       8
       4
       4
      10
       6
       8
       6
      15
       9
       7
       9
       6
       9
       8
      10
       7
       3
       7
       6
       8
       3
       4
       2
       6
       9
      11
      10
       7
       9
       7
       4
       7
       8
      14
       5
      17
       5
       5
       7
      10
       8
       9
       5
      11
      10
       6
       5
      10
       4
       5
       9
      11
       4
       3
       6
       6
       7
       5
       9
       9
       7
       7
      15
       6
      10
      11
       5
      12
       3
      11
       4
       2
       8
       6
       2
      11
       6
       9
       5
      12
       6
       8
       9
       7
       8
       5
       6
       8
       8
       6
      10
       7
       8
      10
      12
       9
      13
       6
      10
       9
       7
       5
       6
       6
      11
      13
       7
       7
      18
       7
       8
      13
       6
       8
      10
      11
       6
       9
      12
      11
       5
      12
      12
      15
       8
      10
      15
      13
      14
      11
      12
      12
      13
       8
      19
       9
      11
      13
       8
      10
       4
       7
      14
      11
      12
      12
      10
      12
      11
      12
      14
      14
      16
      13
      11
      12
      10
      10
      13
      10
      16
       9
      17
      11
      13
       9
      11
      12
      16
      21
      14
      13
      18
      15
      11
      18
      12
      15
      14
      11
      15
      26
      13
      19
      32
      13
      15
      20
      20
      22
      24
      27
      36
      27
      30
      21
      21
      30
      16
      27
      37
      36
      26
      37
      27
      31
      38
      39
      43
      28
      31
      35
      29
      24
      31
      29
      21
      20
      36
      23
      29
      27
      16
      28
      30
      31
      19
      23
      24
      34
      29
      22
      24
      28
      21
      22
      19
      24
      18
      17
      22
      18
      22
      18
      19
      15
      18
      21
      13
      20
      17
      17
      15
      18
      20
      29
      24
      29
      23
      18
      18
      25
      16
      19
      18
      26
      21
      12
      12
      18
      24
      18
      21
      21
      16
       8
      19
      18
      15
      14
      18
      27
      22
      21
      18
      15
      21
      20
      14
      16
      13
      24
      22
      14
      21
      15
      16
      19
      18
       9
      16
      26
      12
      12
      15
      18
      10
      16
      11
      10
      12
      17
      10
      13
      12
      16
      13
      16
      12
      21
      14
      16
      13
      13
      12
      14
       9
      11
      10
       8
      20
       9
      17
      12
      12
      16
      19
      10
      12
      21
       8
      13
      13
      12
      16
       6
      19
      22
      17
      14
      12
       9
      18
      12
      12
      18
      10
      16
      10
      10
      17
      11
      13
      11
      15
      13
      19
      13
       8
      17
      12
      14
      15
      19
      12
      17
      12
       8
      25
      13
       9
      12
      14
      11
      15
      15
      18
      10
       8
      21
      14
      13
      12
      12
      17
       9
      16
      12
       7
      11
      12
      22
      11
      15
      17
      16
      12
      13
      16
      15
      13
       6
      14
      11
      17
      12
      17
       9
      12
      10
      14
      12
      16
       8
      16
      10
      12
      14
      15
      13
      16
      19
      17
       8
      17
      19
      12
      13
      12
      12
      16
      15
      21
      11
      13
      17
      18
      18
      21
      12
      15
      14
      12
      18
      19
      13
      15
      13
      14
      12
      13
      13
      15
      23
      15
      10
      14
      16
      16
      15
      23
      12
      11
      18
       6
      15
      18
      17
      16
       9
      13
      12
      14
       9
      11
      14
      14
      12
      19
      20
      13
      15
       9
      14
      14
       8
      11
      11
      12
      10
      13
      13
      11
      10
       8
      12
      13
      18
       6
      17
       9
      12
       6
      13
      12
      13
      15
      16
      10
      12
      13
      11
       7
      19
      13
      11
      20
       9
      14
      13
      12
       8
      15
       9
      13
      15
      11
      17
      12
       9
      14
      14
      12
      21
      13
      16
      12
      10
      12
       8
      17
       9
      12
      11
      19
      20
      18
       7
      12
      13
      10
      14
      17
       9
      15
      16
      18
       9
      12
       9
       9
      14
      14
       8
      14
      11
      13
      12
      12
      13
      10
       6
      14
      13
      12
      13
       9
       9
      19
      15
      13
       9
      17
      10
      12
      11
       8
      12
      11
      12
      17
      16
      13
      10
      12
      15
      12
      12
      11
      11
      14
      13
      19
      14
      11
      12
      10
       8
      19
      13
      12
       6
      20
      14
      10
      18
      18
      14
      12
      15
      12
      11
      14
       6
      14
      19
      13
      12
      13
      15
      12
      13
      10
      13
      17
      14
      18
      15
      11
      16
      13
       9
       9
       8
      11
      17
      12
      10
      12
      17
      13
      14
      10
       9
      10
      18
      20
       8
      11
      13
      13
      18
      16
      16
       9
      19
      12
      17
      13
      16
      13
       7
      11
      20
      12
      16
      16
      10
      12
       9
      13
      16
       8
      10
      14
       4
      15
      21
      16
      14
      13
      14
      20
      15
       8
      18
      10
      18
      15
      12
      20
      22
      12
      10
      11
      14
      13
      18
      10
      19
      11
      19
      18
      17
      11
      13
      12
      14
      20
       6
      12
      13
      17
      12
      13
      11
      20
      16
       8
      23
      10
      10
       9
      10
      13
      17
      10
       9
      13
      12
      11
      13
      16
      13
       8
      15
      16
      14
      12
      13
      23
      14
      14
      19
      12
       9
       8
      10
      12
      12
       9
      11
      17
      14
      13
      12
      11
       9
      10
      14
      12
       8
      15
      14
      12
      14
      13
      13
      12
       5
       8
       4
       7
      13
      17
       5
       7
      18
       9
      11
       9
      18
      10
      14
       7
      11
      15
      19
      16
      13
      10
       9
       8
      12
      11
      12
       8
       7
      11
       6
      11
      12
      13
      11
       5
      12
       9
      15
       5
      11
      11
      10
      13
      13
      12
      15
      12
      14
      14
      12
      16
       7
      10
      11
      14
       5
      11
       5
      14
      17
      11
      11
      13
      13
      19
      13
      13
      21
      15
      14
      12
      16
      12
       7
      15
      10
      16
      13
       6
      16
      11
       9
       7
      11
      11
       9
       9
       8
      11
       9
       5
      13
      12
      13
      15
       7
       6
      11
       8
      19
      11
       9
      11
      11
      10
       7
      15
       7
      10
      15
      17
      12
       6
      10
      17
       7
       9
      10
      11
      14
      15
      12
       7
      15
       6
       8
      11
      11
      12
      11
       4
       7
       5
      15
      13
      11
      15
       8
      14
       8
      11
      19
      10
      20
      12
       9
      10
      10
      12
      13
      10
       3
       5
      10
      12
      14
      16
       6
       7
      11
       7
      12
      12
      12
       7
      10
       7
      15
       6
       6
       9
      12
       6
      10
      11
      13
       9
      14
      11
      11
      11
      17
      13
      16
      10
      10
      20
      17
       7
      10
      13
      11
       6
       9
      11
      18
      11
      11
      10
      12
       6
       8
       6
      13
       8
       9
       7
      12
      12
      10
      10
       8
       8
      10
      11
      11
       5
      12
      12
      13
       9
       9
      11
      16
       7
       9
      10
       9
      15
       9
      15
       9
       7
      10
       9
       6
      10
       8
       5
      16
      13
      11
       6
       6
       5
      10
      10
      11
       9
      12
      11
      11
       7
      13
       8
       6
      13
       9
       6
       9
      12
       9
       7
       9
      19
      17
      11
       6
      11
       9
       9
       9
      12
      10
       5
       7
      13
      10
       8
       8
       8
       7
      10
       9
      15
       9
       8
       7
      11
      11
       9
       8
      10
       9
      12
       9
      12
       6
       7
       4
      10
      13
       2
      10
       8
       5
       7
       9
       4
       5
       7
      12
       4
      10
      12
       6
       8
       9
      13
       7
      12
       5
       9
      13
      15
       2
       8
       7
       6
       6
       6
      10
       8
       5
       9
       6
       6
      10
      12
       9
      11
       9
      10
      13
      10
      10
      12
       5
       4
      10
      10
       8
       7
       7
      10
       8
      11
       7
       5
      10
       9
       3
      10
       5
      12
       5
       9
       7
       4
       3
       7
       9
      12
      13
       9
       9
      13
       8
      11
       4
       7
       6
       8
       9
      11
       7
       6
      12
       1
      11
       8
       5
      17
       3
       7
       6
       8
       8
      12
       9
       8
       8
       6
      10
      12
      10
       4
       7
       7
       6
      11
      10
       9
       2
       9
       6
       9
      11
      10
       9
       6
       8
       6
      14
       9
       4
      11
       8
      11
      10
       7
       9
       9
      10
       8
       8
       7
       8
       8
       6
       9
      12
      11
       7
       8
      13
      10
       4
       8
       7
       7
      11
       4
       7
       7
      11
       5
       8
       5
       6
       8
      12
       7
      10
       9
      13
       9
       4
      10
       9
       3
       4
       6
       9
       8
      10
       9
       9
       7
       3
      10
       6
       8
       9
       7
      13
       8
       4
       7
       5
       9
       9
       7
       7
      11
      11
       4
       7
      11
       8
      15
       6
       7
       5
       8
       8
       7
      10
       7
      10
       7
      11
       9
       5
       6
       4
       7
       6
       7
       8
      11
       9
      10
      11
       4
       6
       6
       9
      12
      10
       4
       8
      10
       4
       4
       5
       6
       6
       7
       9
      10
       6
       7
       8
       9
       4
      12
       4
       9
       7
      12
       6
       7
       8
       8
       5
       4
       9
       6
       6
       8
       8
       9
       6
      11
      10
      12
       4
       4
       8
       3
       8
       9
       5
       5
       4
       5
       4
       4
       6
       8
       7
       3
       4
       8
      10
       5
       5
       6
      10
       8
       7
       7
       3
      12
       4
       7
       7
       5
       7
       9
       2
       7
       4
       7
       6
       7
       9
       8
      10
       5
       9
       8
       5
       6
       8
       8
      11
       4
       8
      14
       3
       8
       6
       6
       4
       8
       3
       8
       7
       4
       4
       5
       4
      10
       5
       8
       8
       5
       2
       5
       6
       8
       6
       6
       9
       7
       8
       7
       1
       5
      11
       8
       6
      11
       3
       6
       9
       5
       2
       9
       5
       8
       6
       2
       4
       8
       3
       5
      14
       6
       3
       5
       6
       7
       7
       9
       4
       4
       6
       5
       4
       2
       3
       7
       9
      11
       3
       5
       8
       4
       3
       6
       3
       7
       5
       4
       9
       6
       8
       6
       7
       5
       9
       8
       4
       5
      12
       4
       3
       9
       5
       4
       4
       2
       4
       7
       5
      10
       7
       6
      12
       3
       7
       5
       3
       6
       5
       2
      10
       7
       5
       6
  