$SPEC_ID:
Cesio_23_maggio
$SPEC_REM:
DET# 9
DETDESC# COMPTON
AP# Maestro Version 7.01
$DATE_MEA:
03/27/2018 17:07:20
$MEAS_TIM:
300 300
$DATA:
0 8191
       0
       0
       0
       0
       0
       0
       0
       0
       0
       0
       0
       0
       0
       0
       0
       0
       0
       0
       0
       0
       0
       0
       0
       0
       0
       0
       0
       0
       0
       0
       0
       0
       0
       0
       0
       0
       0
       0
       0
       0
       0
       0
       0
       0
       0
       0
       0
       0
       0
       0
       0
       0
       0
       0
       0
       4
       9
      11
      12
       8
      14
       6
      14
      11
      10
      17
      13
       7
      10
      14
      13
      11
      11
       9
      19
      19
      13
      23
      16
      13
      23
      10
       7
      14
      13
      15
      16
      15
      13
      19
      17
      12
      16
      16
      13
      13
      12
      15
      22
      12
       9
      10
      17
       9
      12
      23
      10
      15
      15
      21
      13
      14
      10
      10
      13
      17
      14
      12
      15
      14
      16
      19
      15
      13
      18
      26
      13
      12
      16
      17
      18
      16
      15
      18
      22
      26
      14
      19
      22
      20
      18
      22
      21
      20
      19
      21
      12
      17
      24
      20
      25
      15
      24
      19
      21
      25
      25
      22
      14
      26
      30
      35
      29
      26
      19
      28
      37
      25
      39
      35
      38
      48
      34
      53
      46
      38
      45
      42
      40
      54
      54
      62
      45
      60
      50
      49
      38
      38
      48
      43
      33
      46
      33
      44
      43
      31
      45
      19
      36
      24
      38
      30
      32
      32
      25
      28
      34
      30
      29
      28
      31
      31
      36
      23
      32
      24
      26
      30
      34
      28
      31
      31
      27
      18
      26
      35
      22
      22
      16
      20
      31
      25
      32
      34
      25
      32
      19
      23
      20
      24
      22
      26
      18
      29
      28
      26
      29
      22
      19
      21
      24
      21
      27
      24
      29
      27
      28
      14
      17
      19
      24
      19
      32
      33
      20
      26
      24
      24
      27
      20
      19
      18
      21
      27
      30
      21
      17
      23
      24
      24
      25
      15
      20
      27
      28
      16
      18
      21
      18
      20
      26
      28
      23
      21
      23
      14
      13
      24
      26
      22
      19
      20
      23
      18
      28
      28
      20
      23
      14
      17
      28
      26
      12
      19
      28
      21
      19
      20
      32
      22
      25
      20
      30
      19
      26
      19
      20
      18
      15
      21
      15
      20
      24
      18
      15
      17
      18
      24
      19
      16
      14
      16
      23
      20
      27
      16
      22
      18
      24
      22
      19
      23
      29
      28
      21
      23
      22
      19
      14
      26
      30
      23
      18
      22
      29
      19
      14
      22
      20
      18
      16
      24
      12
      16
      21
      19
      20
      22
      16
      28
      20
      20
      24
      27
      20
      14
      20
      18
      17
      21
      28
      17
      20
      22
      22
      16
      22
      24
      14
      19
      18
      25
      22
      21
      19
      17
      24
      21
      24
      15
      19
      18
      14
      21
      25
      22
      15
      19
      28
      15
      18
      18
      20
      18
      20
      23
      21
      19
      23
      19
      13
      22
      18
      28
      12
      24
      19
      14
      24
      20
      14
      21
      34
      23
      27
      26
      11
      13
      20
      20
      17
      21
      19
      24
      16
      19
      17
      20
      26
      22
      23
      20
      20
      17
      20
      20
      15
      23
      22
      17
      22
      18
      27
      16
      19
      30
      13
      15
      18
      20
      22
      29
      16
      19
      29
      30
      17
      12
      18
      22
      24
      26
      19
      23
      18
      23
      23
      20
      18
      23
      24
      23
      19
      22
      17
      22
      28
      18
      21
      13
      31
      22
      26
      17
      20
      25
      19
      24
      21
      23
      31
      21
      10
      21
      25
      16
      26
      18
      13
      24
      20
      13
      23
      16
      15
      20
      16
      17
      26
      16
      22
      15
      18
      18
      18
      17
      14
      22
      19
      20
      20
      27
      17
      16
      19
      19
      19
      20
      27
      21
      22
      19
      24
      21
      18
      21
      17
      19
      24
      13
      20
      17
      10
      16
      18
      21
      14
      21
      17
      16
      17
      16
      14
      21
      18
      28
      15
      20
      22
       9
      26
      19
      23
      24
      19
      13
      17
      13
      19
      16
      23
      18
      14
      23
      17
      16
      15
      17
      20
      20
      10
      17
      15
      17
      11
      10
      20
      17
      21
      15
      20
      13
      16
      21
      16
      20
      17
      19
      22
      11
      15
      18
      16
      17
      18
      23
      15
      14
      19
      21
      29
      22
      14
      22
      15
      18
      14
      21
      14
      11
      13
      14
      23
      18
       9
      12
      18
      20
      21
      11
      11
      17
      20
      17
      23
      20
      15
      13
      15
      15
      18
      20
      12
      19
      25
      21
      16
      13
      11
      14
      18
      17
      18
      19
      20
      17
      23
      14
      11
      19
      20
      16
      18
      15
      19
      11
      11
      15
      10
      15
      11
      20
      21
      18
      14
      17
      17
      13
      22
       9
      20
      16
      19
      14
      12
      10
      15
       9
      17
      13
       9
      20
      11
      11
      15
      17
      10
      12
      11
      16
      16
      19
      14
      10
      12
      15
      11
      10
      17
      12
      12
       9
      13
      13
      19
      10
      17
      14
      11
      16
      13
      11
       9
       7
      10
       9
      14
      17
      13
      17
      15
      11
      13
      13
      18
      11
      13
       9
      13
      21
      16
      11
      17
      12
      15
      15
       9
      13
      11
      15
      20
      15
      22
      11
       7
      13
      12
      13
      19
      10
      15
      14
      14
      13
      12
      11
      13
      11
      19
      15
      16
      15
      10
      13
       9
      17
      13
      11
      14
      18
      12
      17
      11
      14
      10
      12
      21
      13
      15
      17
       7
      14
      21
      16
       8
      15
      12
      18
       9
      13
      19
      16
      14
      13
      15
      19
      10
      18
      15
      15
      24
      11
      11
      12
      15
      13
      18
      12
      10
      19
      17
      11
      19
       8
      11
       9
      18
       9
      10
      10
       3
      15
      11
      11
      16
       7
      13
      15
      12
      11
      18
      13
      13
      16
      15
      15
      17
      14
      13
      19
      11
      16
       7
      10
      16
      13
      16
      14
      18
      12
      11
      11
      11
      12
       8
      15
      15
      11
      13
      15
      11
      15
      11
       8
       9
      13
      17
      16
      12
       7
      11
       8
      12
      18
      19
      10
      15
       7
      21
      11
      18
       7
      14
       7
      17
      16
      13
       8
      14
       9
       3
       8
      10
      12
       6
       8
       7
      15
       6
       9
      15
      21
       8
       7
      11
      18
      10
       8
      16
      12
      14
      10
       8
      11
      16
       7
      11
      12
      12
       5
      11
       6
      13
      15
      11
      11
       5
      13
       7
      10
      10
      15
       9
       7
      13
       7
      16
      10
      10
       7
       6
       8
      15
       9
       5
       9
       8
       7
      10
      13
       5
       9
      15
       6
       7
       7
      10
       6
      14
       8
      10
      12
      10
       6
       7
       3
       3
       6
       6
       5
       8
      15
       6
       7
       7
       7
       6
      11
       8
      14
       6
       7
      11
       8
       9
       6
       6
       5
      11
       9
       7
      18
       7
       7
       5
      10
       6
       9
       9
       6
       4
       7
       8
       2
       8
       9
       7
       9
      10
       3
       7
      11
       5
       7
       6
       8
       8
       9
       9
      11
       4
       1
       2
       6
      10
       7
       4
       7
       5
       7
       9
      12
       5
       7
       5
       8
       3
       4
       3
       5
       5
       6
       8
       7
       5
       7
       1
       7
       5
       6
       5
       6
      11
       5
       2
      10
       7
       3
       3
       8
       8
       7
       5
       6
       8
       4
       4
       7
       9
       7
       4
       7
       8
       4
       5
       3
       8
       3
       7
       4
       3
       7
       6
       6
       2
       4
       8
       2
       3
       8
       4
      10
       2
      10
       5
       3
       6
       4
       8
       2
       2
       7
      12
      12
       4
       7
       4
      10
       8
       6
       5
       2
       8
       5
       5
       7
       9
       8
       4
      10
      11
       8
       5
       7
       4
       2
       4
       7
       8
       7
       7
       5
       8
       3
       7
       6
       6
       4
       3
       6
       5
       4
       4
       8
       1
       4
       5
       8
       9
       7
       3
       7
       3
       9
       3
       6
       4
       6
       5
       8
       5
       2
       3
       4
       1
       7
       3
       3
       2
       4
       7
      12
       6
       6
       6
       6
       4
       3
       2
       4
       3
       5
       1
       7
       3
       7
       7
       6
       4
       5
       2
       4
       4
       6
       2
       3
       2
       5
       5
       8
       5
       5
       7
       9
       6
       3
       2
       9
       4
       3
       4
       0
       6
       1
       6
       5
       7
       4
       5
       6
       2
       2
       3
       3
       4
       3
       4
       8
       2
       3
       6
       7
       2
       3
       2
       8
       4
       5
       2
       4
       1
       4
       3
       9
       6
       9
       2
       2
       4
       0
       4
       3
       8
       5
       4
       2
       4
       5
       2
       5
       4
       6
       0
       1
       7
       4
       6
       6
       5
       2
       5
       6
       2
       4
       7
       2
       5
       2
       6
       3
       7
       2
       5
       7
       6
       4
       5
       6
       3
       3
       4
       9
       5
       4
       7
       2
       5
       4
       5
       1
       2
       4
       4
       6
       3
       7
       1
       7
       4
      10
       7
       4
       3
       5
       9
       7
       6
       3
       7
       6
       2
       2
       2
       4
       1
       2
       3
       5
       2
       7
       1
       4
       6
       6
       3
       5
       3
       1
       2
       2
       3
       5
       3
       6
       6
       5
       2
       2
       5
       8
       4
       4
       6
       8
       2
       2
       2
       8
       4
       4
       4
       7
       6
       8
       7
       3
       3
       5
       3
       5
       7
       2
       3
       6
       4
      10
       4
       5
       7
       7
      11
      10
      11
       4
      15
       7
       7
       8
       7
       6
      13
      13
      10
      15
      16
      14
      14
       7
      20
      19
      16
      21
      13
      13
      26
      15
      32
      18
      22
      26
      29
      20
      26
      26
      26
      22
      23
      25
      30
      31
      28
      31
      27
      40
      36
      51
      49
      44
      33
      39
      49
      45
      40
      55
      44
      50
      43
      40
      57
      40
      51
      37
      49
      64
      46
      51
      61
      46
      50
      54
      52
      42
      39
      42
      49
      50
      50
      42
      41
      42
      37
      42
      36
      52
      39
      36
      32
      43
      38
      45
      47
      43
      47
      42
      32
      41
      31
      44
      40
      27
      26
      34
      28
      32
      36
      28
      41
      22
      31
      23
      25
      23
      30
      24
      16
      16
      25
      28
      29
      15
      25
      27
      19
      22
      21
      15
      21
      18
       9
      13
      14
      14
      20
      12
      15
       7
      10
      17
      10
       9
      19
      12
      10
      13
      11
      15
      10
      10
       8
      12
      17
      11
      10
      12
       5
      14
      13
      12
      10
       8
       9
       9
      14
       7
      17
       5
       9
       6
       3
       9
       4
       9
       7
      11
      10
       3
       5
       6
       5
      12
       5
       5
       5
       7
       5
       9
       6
       5
       5
       7
       7
       7
       4
       8
       9
      12
       5
       7
      17
       4
       6
      10
  