$SPEC_ID:
Cesio_23_maggio
$SPEC_REM:
DET# 9
DETDESC# COMPTON
AP# Maestro Version 7.01
$DATE_MEA:
03/27/2018 17:44:11
$MEAS_TIM:
300 300
$DATA:
0 8191
       0
       0
       0
       0
       0
       0
       0
       0
       0
       0
       0
       0
       0
       0
       0
       0
       0
       0
       0
       0
       0
       0
       0
       0
       0
       0
       0
       0
       0
       0
       0
       0
       0
       0
       0
       0
       0
       0
       0
       0
       0
       0
       0
       0
       0
       0
       0
       0
       0
       0
       0
       2
       4
       5
       1
       0
       0
       1
       3
       8
       4
       5
       6
      11
       6
      12
       7
       8
       4
      11
       8
      10
       4
      13
      10
       8
       5
      12
      15
      12
       9
      11
      12
       5
       7
      13
       4
      11
      10
      13
       3
       8
      13
       8
       3
       9
      10
      12
       7
       7
       9
       9
       5
       9
      11
      11
      10
       8
       5
      12
       5
       7
      10
       8
       6
      14
       6
       8
      14
      10
      13
       5
      10
      17
      10
       9
       6
       8
       6
       9
      11
       8
       9
       8
       9
      16
      10
      15
      12
      11
       8
       9
       7
      11
      12
      18
       8
      10
      11
      12
      12
       9
       8
      12
      13
      18
      11
      11
      15
      14
      12
      13
      14
       4
      15
      10
      14
      12
       6
       9
       7
      11
      14
       7
      10
      15
      14
      10
      15
      16
       8
       9
       7
       9
      12
      19
      10
      17
      18
      24
       7
      12
      17
      16
      15
      14
       8
      16
      14
      23
      12
      12
      13
      14
      19
      10
      21
      19
      20
      11
      18
      21
      19
      16
      13
      16
      13
      18
      13
      13
      15
      17
      14
      20
      15
      22
      18
      22
      22
      25
      25
      21
      24
      20
      29
      20
      21
      18
      30
      25
      33
      25
      26
      18
      28
      39
      36
      24
      30
      28
      39
      35
      38
      40
      43
      34
      32
      48
      34
      35
      35
      45
      33
      45
      41
      38
      34
      32
      26
      39
      34
      45
      23
      26
      31
      23
      24
      28
      26
      33
      29
      23
      24
      33
      24
      26
      20
      26
      32
      20
      25
      17
      31
      21
      20
      25
      23
      20
      27
      17
      19
      24
      24
      21
      21
      22
      28
      23
      24
      17
      29
      26
      20
      24
      26
      23
      27
      22
      19
      21
      23
      13
      16
      22
      23
      14
      25
      24
      22
      17
      17
      23
      19
      17
      16
      18
      18
      16
      22
      17
      18
      14
      15
      16
      22
      20
      16
      15
      13
       7
      17
      14
      18
      16
      17
      24
      14
      10
      20
      16
      13
      16
      14
      15
      19
      13
      17
      15
      15
      19
      17
      18
      16
      20
      11
      10
      13
      17
      19
      20
      17
      17
      12
      13
      10
      15
      16
      20
      27
      10
      21
      12
       9
      17
      19
      19
      17
      14
      21
      13
      23
      18
      18
      18
      23
      14
      16
      18
      19
      18
      15
      16
      19
      23
      16
      18
      17
      12
      17
      18
      19
      10
      23
      18
      19
      15
      16
       9
      20
      15
      12
      17
      12
      20
      14
      16
      17
      15
      21
      11
      15
      19
      17
      12
      16
      17
      11
      12
      17
      21
      15
      23
      20
      26
      14
      18
      17
      17
      19
      15
      16
      16
       6
      13
      19
      21
      15
      10
      18
      15
      16
      14
      10
      13
       8
      15
      15
      15
      13
       8
      20
      13
      20
      16
      18
      14
      10
      14
       9
      13
      11
      12
      14
      20
      22
      15
      17
      17
      18
      15
      22
      21
      19
      17
      21
      12
      18
      17
      13
      12
      14
      14
       9
      23
      13
      11
      17
      16
      15
      20
      12
      19
      14
      19
      14
      16
      19
      13
      15
      16
      16
      17
      14
      12
       9
      18
      19
      20
       9
      12
      15
      20
      18
       8
      16
      17
      14
      27
      14
      13
       6
      18
      22
      16
      10
      14
      18
      13
      13
      10
      18
       8
      23
      16
      18
      14
      16
      16
      14
      15
      22
      14
      24
      21
      12
      12
      11
      16
      13
      17
      13
      17
      12
      15
      11
      16
      13
      17
      12
      16
      11
       9
      14
      12
      17
      18
       8
      16
      10
      14
      17
      21
      13
      12
      16
       6
      16
      18
       9
      18
      10
      15
      17
       9
      18
      13
      17
      17
      15
      12
      13
       8
      15
      15
      10
      15
      17
      12
      17
      18
      11
       9
       4
      21
      17
      17
      20
      13
      10
      14
      18
      10
      19
       8
      17
      21
       5
      22
      16
      16
      20
      19
      20
      17
      12
      12
      21
      11
      16
      18
      11
      23
      11
      12
      19
      11
      18
      16
      22
      16
      11
      17
      15
      23
      10
      13
      17
      16
      21
      11
      17
      18
      14
      14
      13
      15
      15
      11
      12
      14
      10
      20
      16
      19
      17
      16
      21
      12
      16
      11
      19
      13
      16
      23
      16
      22
      15
      11
      20
      17
      16
      23
      17
      14
      10
      15
      12
      14
      12
      14
      13
      15
      21
      19
      11
      14
      15
      10
      15
      11
      13
      12
      10
      11
      11
      13
      13
      13
      11
       9
      21
      12
      12
      11
       8
      12
       8
      14
      23
      11
       9
      14
      16
      13
      14
       8
      10
      14
      17
      15
      13
      11
      13
       9
      14
      12
      14
      14
      11
      16
      12
      17
      12
       7
      14
       9
      17
      11
      19
      13
      10
      15
      16
      16
      13
      10
      14
      23
      17
      20
      17
      20
      10
      15
      13
       8
      14
       3
      12
      14
      12
      14
      19
      12
      12
      10
      11
      16
      12
      12
      19
       8
      15
      23
      11
      14
      12
      14
      14
       9
      10
      22
      10
      15
      15
      13
      14
      12
      12
      12
      17
      10
       8
      14
       7
      16
      12
      10
      14
      10
      13
       9
      11
       7
      22
      11
      10
      12
      15
      10
      12
      16
      13
      11
      18
      12
      18
      14
      11
      20
      15
      12
       9
      15
       8
      15
      13
      11
      10
      11
       5
       8
      12
      10
      12
      12
       9
      12
      13
      10
      12
      13
      16
      10
      12
       9
       9
      12
      16
      11
      11
      13
       7
      14
       9
      15
      16
      16
       7
      13
       8
      16
      13
      11
      11
      11
      18
      10
       7
      10
      14
      18
       9
       8
      13
      15
      12
      16
      13
      18
      13
      11
      16
       3
       6
       9
      14
      11
      10
      16
       6
       9
      11
      12
      15
      11
      16
      10
       4
       8
       8
      16
      12
      12
      12
      10
      14
      12
       7
      13
       8
       7
      18
      11
       7
      13
      11
       8
      11
       9
      14
      11
      10
      10
      12
       9
      12
      10
      10
      11
      13
      10
      11
       8
      13
      13
      17
      14
       7
       9
      13
      10
      14
      23
       9
      10
       9
       6
      16
       8
      12
      12
       7
      12
       9
      10
      12
       7
       6
       8
       8
      11
      10
       9
      10
       4
      11
      11
       9
      18
       3
      11
      13
      10
       8
      15
       9
       5
      13
      11
      14
      10
      12
      10
      10
      11
      13
      13
       7
      11
      12
      15
      16
       9
      11
      12
       9
      15
       9
       9
      15
      11
      12
      14
      10
      10
       9
       7
      15
      15
       4
      11
      12
      11
      13
      13
      14
       7
       9
       9
       8
       4
      11
       9
      12
      11
      10
      14
       8
       6
      11
       9
       8
      10
      15
       7
       7
      11
      10
       8
       6
       7
      15
      15
       6
       9
      13
       8
      15
      10
      10
      11
       7
      10
      10
      10
      11
       5
       7
      10
      16
       9
       6
      13
      10
       7
      11
       5
       9
      10
      15
       5
       6
       6
      15
       9
       8
      13
       5
      13
      10
      11
       8
       5
       4
      12
      14
      11
       6
      12
      12
      11
       9
      10
       7
      16
      12
      11
       3
      10
      11
       8
      12
      14
       5
       8
       4
       7
       7
       6
       5
       8
      10
       6
      13
      10
       8
      10
      12
      10
      14
       9
       8
      12
      13
       8
       5
      13
       9
       8
      11
      11
       6
      11
       9
       4
      11
       5
       7
      13
       9
      10
      10
       9
      11
      13
      12
      11
      10
       8
       9
       4
      11
       9
      10
       4
      10
       7
       6
      10
      10
       7
      15
       2
       7
      10
       8
      11
      11
       8
       8
       9
       6
       8
       3
       7
      10
      13
      10
       5
       7
       9
       9
      11
       6
      14
       7
      11
       8
       4
       7
      15
       6
      11
      11
      12
       8
       5
      15
      17
       9
       5
       7
       9
       4
      11
      11
       6
       5
       5
      10
       9
      10
       9
       8
       8
       7
       3
       6
       9
      12
       7
      11
      11
       8
       8
       6
      13
       9
       8
       8
       7
       9
       8
       8
       5
       6
       9
       5
      18
       5
      11
       6
      11
       9
       4
       9
       5
       5
      12
       8
       6
       6
       8
       7
      12
       6
       5
       9
       5
       8
       7
       9
       5
       8
      10
      11
      12
      11
       9
       5
      10
       4
       5
       6
      12
      12
       8
      11
      10
      11
       9
       7
       9
       7
       5
       3
       6
       8
       8
       3
       0
       7
       6
       5
       8
       7
      11
      10
       6
       7
       6
      12
       6
       5
       8
       4
      13
       1
       5
       7
       3
       4
       6
       4
      11
       7
       8
       6
       5
       7
       4
      11
       6
       6
       5
       9
      10
       3
       6
       5
       6
       4
      11
      10
      11
       8
       6
       7
       6
       6
       5
       6
       5
       5
       2
       6
       8
       8
       5
       8
       9
       4
       9
       3
       8
      11
      10
       2
       7
       2
       6
       3
       9
       5
      10
       6
       5
       9
       5
       5
       7
       2
       6
      10
       6
       2
       5
       7
       5
       7
      10
       7
       4
       6
       2
       7
       5
       5
       2
      10
       9
       5
       3
       4
       6
       8
       4
       3
       2
       6
       8
       6
       1
       8
       6
       1
       8
       4
       5
       4
       2
       5
       5
       7
       7
       5
       6
       5
       6
       6
      11
       2
       4
       4
       7
       4
      10
       6
       7
       5
       6
       4
       4
       9
       4
       4
       9
       5
       5
       7
       6
       7
       8
       5
       4
       5
       8
       5
       3
       6
       5
       3
       5
       4
       3
       1
       8
       3
       9
      10
       3
       3
       4
       7
      10
       3
       7
       5
       1
       4
       6
      10
       8
       5
       2
       6
       8
       5
       1
       5
       3
       5
       3
       4
       3
       6
       6
       6
       5
       7
       5
       2
       3
       2
       9
       4
       8
       5
       3
       0
       4
       5
       9
       6
       3
       8
       3
       3
       9
       3
       3
      10
       3
       5
       5
       6
       3
       4
       5
       4
       0
       6
       4
       3
      12
       7
       2
       4
       7
       9
       5
       6
       2
       2
       3
       0
       5
       4
       4
       6
       5
       4
       9
       3
       7
       5
       7
       4
       4
       3
       6
       4
       2
       7
       3
       3
       1
       9
       5
      10
       5
       4
       4
       2
       2
       6
       6
       7
       3
       4
       5
       3
       7
       4
       2
       2
       0
       3
       6
       6
       3
  