$SPEC_ID:
Cesio_23_maggio
$SPEC_REM:
DET# 9
DETDESC# COMPTON
AP# Maestro Version 7.01
$DATE_MEA:
03/28/2018 17:55:39
$MEAS_TIM:
591526 592160
$DATA:
0 8191
       0
       0
       0
       0
       0
       0
       0
       0
       0
       0
       0
       0
       0
       0
       0
       0
       0
       0
       0
       0
       0
       0
       0
       0
       0
       0
       0
       0
       0
       0
       0
       0
       0
       0
       0
       0
       0
       0
       0
       0
       0
       0
       0
       0
       0
       0
       0
       0
       0
       0
       0
       0
       0
       0
       0
       0
       0
       0
       0
       0
       1
       1
      14
      35
      52
     103
     320
    1094
    2325
    2540
    2512
    2556
    2419
    2496
    2469
    2490
    2531
    2526
    2455
    2447
    2547
    2474
    2522
    2544
    2502
    2457
    2593
    2586
    2533
    2520
    2599
    2669
    2598
    2672
    2643
    2728
    2749
    2792
    2813
    2818
    2755
    2872
    2841
    2869
    2849
    2924
    2984
    2882
    2944
    2977
    2938
    3128
    3026
    3083
    3099
    3138
    3123
    3181
    3119
    3056
    3186
    3044
    3132
    3113
    3257
    3124
    3082
    3115
    3119
    3096
    3063
    3026
    3022
    3072
    3036
    2948
    2939
    2894
    2995
    2857
    2681
    2712
    2748
    2719
    2685
    2643
    2742
    2665
    2696
    2484
    2535
    2488
    2379
    2364
    2354
    2301
    2205
    2326
    2186
    2250
    2175
    2132
    2057
    2136
    2148
    1995
    1993
    2059
    1912
    2011
    2028
    1983
    1958
    1914
    1996
    1902
    1908
    1886
    1897
    1944
    1899
    1915
    1860
    1912
    1853
    1905
    1847
    1872
    1884
    1870
    1903
    1850
    1879
    1864
    1913
    1884
    1917
    1962
    1997
    1898
    1917
    2008
    1914
    1974
    1962
    1914
    1969
    1961
    1949
    1930
    1928
    1971
    2019
    2030
    2070
    1983
    2017
    1978
    2031
    2066
    2026
    2085
    2118
    2102
    1996
    2057
    2099
    2042
    2066
    2150
    2000
    2162
    2046
    2132
    2190
    2085
    2136
    2103
    2067
    2081
    2077
    2026
    2118
    2052
    2152
    2074
    2064
    2002
    2045
    2138
    2046
    2058
    2167
    2102
    1982
    2063
    2098
    2075
    2052
    2018
    2048
    2000
    2018
    2045
    1997
    1976
    2044
    1916
    2026
    1997
    2032
    2028
    2084
    1997
    2054
    1992
    2027
    2091
    2049
    1957
    1969
    2031
    2000
    2009
    2007
    1969
    1890
    2000
    1975
    1926
    2012
    2003
    2022
    2080
    2032
    2025
    2062
    2072
    1972
    2088
    2038
    2009
    1998
    1969
    2009
    2060
    2069
    2097
    1975
    2069
    1981
    2036
    2030
    1997
    2092
    2019
    2158
    2119
    2078
    2084
    2021
    2109
    2138
    2104
    2098
    2148
    2128
    2106
    2107
    2161
    2169
    2131
    2077
    2199
    2144
    2202
    2107
    2218
    2224
    2217
    2169
    2253
    2273
    2227
    2202
    2250
    2241
    2263
    2259
    2406
    2280
    2302
    2292
    2373
    2288
    2385
    2470
    2388
    2467
    2434
    2423
    2364
    2461
    2412
    2438
    2427
    2471
    2518
    2560
    2452
    2487
    2532
    2485
    2605
    2545
    2532
    2530
    2534
    2454
    2588
    2491
    2502
    2553
    2605
    2671
    2579
    2640
    2715
    2665
    2572
    2683
    2707
    2680
    2695
    2709
    2642
    2709
    2644
    2733
    2691
    2763
    2734
    2715
    2651
    2681
    2676
    2656
    2709
    2730
    2788
    2748
    2724
    2685
    2702
    2721
    2801
    2735
    2705
    2736
    2678
    2669
    2785
    2653
    2732
    2682
    2698
    2688
    2778
    2692
    2695
    2607
    2688
    2696
    2726
    2685
    2807
    2669
    2744
    2702
    2697
    2791
    2748
    2682
    2776
    2753
    2671
    2852
    2825
    2703
    2699
    2850
    2789
    2760
    2711
    2782
    2814
    2811
    2821
    2930
    2868
    2761
    2848
    2846
    2940
    2957
    2837
    2919
    2859
    2913
    3057
    3002
    2954
    2935
    2977
    2968
    2966
    3102
    3074
    3027
    3032
    3011
    3050
    3107
    3202
    3086
    3207
    3170
    3217
    3159
    3172
    3266
    3243
    3242
    3266
    3260
    3268
    3247
    3207
    3346
    3232
    3378
    3278
    3211
    3439
    3328
    3290
    3383
    3335
    3338
    3383
    3473
    3311
    3522
    3446
    3464
    3453
    3529
    3416
    3546
    3596
    3494
    3530
    3585
    3627
    3560
    3556
    3722
    3773
    3792
    3636
    3740
    3759
    3827
    3653
    3722
    3887
    3776
    3700
    3798
    3891
    3824
    3799
    3830
    3905
    3853
    3983
    3840
    4136
    4163
    4033
    4093
    4109
    4034
    4058
    4091
    4070
    4084
    4216
    4091
    4176
    4238
    4230
    4273
    4315
    4230
    4389
    4290
    4228
    4334
    4305
    4370
    4424
    4356
    4465
    4542
    4553
    4410
    4374
    4503
    4556
    4528
    4494
    4474
    4630
    4532
    4683
    4538
    4696
    4742
    4732
    4849
    4791
    4853
    4760
    4676
    4830
    4798
    4920
    4909
    4923
    4960
    4959
    4917
    5169
    5003
    5041
    5102
    5039
    4972
    5147
    5176
    5096
    5171
    5160
    5145
    5279
    5127
    5215
    5330
    5266
    5272
    5317
    5405
    5261
    5355
    5452
    5270
    5445
    5642
    5444
    5444
    5434
    5625
    5560
    5620
    5615
    5612
    5654
    5626
    5599
    5547
    5704
    5672
    5708
    5679
    5841
    5746
    5839
    5886
    5835
    6002
    5917
    5937
    5882
    5807
    6072
    5969
    5939
    6116
    6123
    5985
    6125
    6140
    6079
    6230
    6077
    6258
    6186
    6280
    6118
    6088
    6330
    6373
    6319
    6347
    6539
    6324
    6474
    6293
    6567
    6604
    6521
    6661
    6648
    6676
    6821
    6776
    6877
    6959
    6929
    7194
    7038
    7104
    7133
    7215
    7306
    7460
    7426
    7575
    7468
    7506
    7541
    7631
    7810
    7678
    7935
    7933
    7865
    8067
    8149
    8204
    8259
    8366
    8452
    8489
    8601
    8548
    8696
    8938
    9011
    9022
    9007
    9150
    9092
    9173
    9381
    9416
    9639
    9478
    9494
    9663
    9938
   10044
    9847
   10218
   10180
   10419
   10428
   10464
   10542
   10632
   10959
   10823
   11018
   11138
   11048
   11084
   11284
   11236
   11430
   11547
   11671
   11715
   11711
   11775
   11999
   12052
   12012
   12042
   12192
   12212
   12214
   12354
   12353
   12445
   12505
   12576
   12476
   12623
   13049
   12810
   12711
   12721
   12690
   13058
   12768
   12869
   12890
   12912
   13035
   13019
   13105
   12937
   13003
   12927
   13174
   13140
   12780
   13063
   13029
   12817
   12751
   13035
   12874
   12757
   12506
   12607
   12853
   12730
   12556
   12795
   12540
   12490
   12527
   12386
   12417
   12422
   12465
   12185
   12106
   12103
   11897
   11933
   11920
   11957
   11751
   11424
   11681
   11435
   11587
   11375
   11175
   11100
   11036
   11100
   11102
   11050
   10963
   10837
   10856
   10954
   10668
   10520
   10553
   10590
   10523
   10514
   10370
   10432
   10484
   10323
   10222
   10183
    9875
    9888
   10018
   10022
   10105
    9779
    9845
    9644
    9813
    9836
    9547
    9689
    9629
    9579
    9504
    9650
    9390
    9569
    9514
    9638
    9395
    9138
    9442
    9316
    9228
    9402
    9383
    9194
    9415
    9234
    9444
    9380
    9247
    9243
    9456
    9220
    9156
    9202
    9187
    9207
    9136
    9118
    9098
    9252
    9311
    9158
    9218
    9062
    9404
    9039
    9204
    9401
    9241
    9250
    9193
    9129
    9355
    9203
    9364
    9287
    9083
    9214
    9179
    9293
    9122
    9133
    9361
    9009
    9287
    9232
    9097
    9240
    9146
    9180
    9185
    9332
    9172
    9090
    9101
    9020
    8991
    9057
    8951
    8969
    9130
    9030
    8968
    9017
    8949
    9050
    8767
    8961
    8629
    8926
    8744
    8727
    8768
    8754
    8629
    8555
    8604
    8692
    8576
    8765
    8481
    8461
    8502
    8549
    8537
    8363
    8375
    8257
    8357
    8345
    8305
    8331
    8221
    8274
    8113
    8271
    8247
    8254
    8262
    7938
    8061
    8056
    7990
    8006
    7845
    7964
    7842
    7920
    7947
    7744
    7904
    7821
    7660
    7904
    7659
    7769
    7766
    7560
    7583
    7652
    7655
    7692
    7722
    7595
    7573
    7413
    7583
    7492
    7653
    7370
    7413
    7360
    7372
    7650
    7319
    7332
    7362
    7390
    7251
    7286
    7198
    7293
    7182
    7229
    7294
    7322
    7127
    7211
    7184
    7085
    7303
    7220
    7117
    7164
    7236
    7042
    7102
    6960
    7076
    7007
    7017
    7123
    7144
    7002
    7081
    6927
    7150
    6923
    7172
    7076
    6959
    7136
    7102
    7062
    7003
    7181
    6959
    7203
    6900
    6864
    6954
    7145
    6906
    7106
    6916
    6876
    6951
    6910
    6671
    6968
    7063
    6849
    7020
    6790
    6935
    7010
    6806
    7072
    6987
    6883
    6919
    6859
    6887
    7096
    6795
    6821
    6839
    6905
    6856
    6785
    6805
    6861
    6844
    6759
    6951
    6774
    6936
    6803
    6778
    6875
    6943
    6865
    6873
    6801
    6918
    6769
    6880
    6858
    6974
    6724
    6594
    6868
    6917
    6909
    6662
    6870
    6857
    6883
    6768
    6872
    6682
    6780
    6692
    6728
    6974
    6922
    6761
    6872
    6814
    6826
    6800
    6831
    6628
    6910
    6683
    6770
    6695
    6713
    6773
    6705
    6827
    6670
    6933
    6840
    6667
    6818
    6732
    6943
    6739
    6645
    6690
    6625
    6814
    6677
    6631
    6566
    6825
    6722
    6716
    6692
    6656
    6692
    6755
    6682
    6686
    6609
    6802
    6603
    6836
    6642
    6599
    6756
    6644
    6823
    6631
    6722
    6595
    6632
    6640
    6731
    6648
    6712
    6637
    6731
    6741
    6666
    6656
    6628
    6553
    6579
    6640
    6756
    6692
    6719
    6547
    6600
    6522
    6713
    6716
    6577
    6699
    6407
    6559
    6597
    6669
    6559
    6546
    6668
    6710
    6585
    6519
    6419
    6614
    6589
    6569
    6665
    6603
    6519
    6750
    6604
    6548
    6669
    6614
    6622
    6425
    6708
    6692
    6605
    6490
    6538
    6510
    6459
    6539
    6624
    6453
    6557
    6588
    6530
    6562
    6574
    6563
    6436
    6599
    6625
    6470
    6566
    6480
    6521
    6570
    6417
    6456
    6489
    6467
    6551
    6608
    6460
    6481
    6518
    6506
    6445
    6353
    6437
    6540
    6375
    6548
    6489
    6501
    6372
    6361
    6495
    6478
    6451
    6578
    6433
    6401
    6469
    6595
    6509
    6205
    6360
    6358
    6350
    6427
    6488
    6407
    6382
    6373
    6397
    6291
    6482
    6402
    6266
    6451
    6352
    6316
    6305
    6342
    6311
    6246
    6284
    6255
    6436
    6224
    6342
    6395
    6288
    6429
    6276
    6525
    6426
    6410
    6242
    6283
    6389
    6233
    6329
    6258
    6240
    6414
    6369
    6296
    6222
    6382
    6290
    6340
    6275
    6406
    6289
    6237
    6339
    6360
    6281
    6251
    6196
    6373
    6304
    6304
    6354
    6143
    6380
    6076
    6156
    6190
    6206
    6402
    6158
    6190
    6414
    6216
    6301
    6137
    6165
    6139
    6195
    6125
    6210
    6245
    6288
    6205
    6194
    6247
    6132
    6190
    6069
    6184
    6326
    6199
    6198
    6138
    6293
    6212
    6205
    6152
    6137
    6010
    6160
    6167
    5998
    5948
    6021
    6115
    6207
    6063
    6094
    6078
    6080
    6167
    6099
    6007
    6143
    6094
    6069
    6107
    5898
    6059
    6022
    6017
    6146
    6143
    6183
    5977
    6063
    6129
    6038
    6012
    6085
    6195
    5971
    5992
    6114
    6117
    6001
    6169
    5999
    6057
    6118
    6003
    6057
    6087
    6085
    6084
    6216
    6124
    6081
    5910
    5923
    6011
    5940
    6005
    5947
    6001
    5959
    5841
    5909
    6053
    5828
    5952
    5845
    6050
    6198
    5912
    5826
    5909
    5947
    5873
    5881
    6102
    5806
    5926
    5949
    5974
    5780
    5969
    5914
    5879
    5946
    5918
    5873
    5863
    5729
    5861
    5877
    5692
    5761
    5806
    5768
    5776
    5730
    5876
    5829
    5769
    5813
    5915
    5818
    5810
    5728
    5750
    5758
    5841
    5796
    5768
    5763
    5890
    5807
    5809
    5708
    5797
    5643
    5587
    5582
    5812
    5693
    5618
    5853
    5871
    5737
    5736
    5640
    5585
    5695
    5748
    5752
    5618
    5688
    5710
    5734
    5622
    5821
    5787
    5651
    5700
    5651
    5558
    5633
    5750
    5651
    5552
    5553
    5522
    5491
    5632
    5642
    5462
    5565
    5460
    5599
    5620
    5587
    5540
    5485
    5689
    5482
    5522
    5610
    5516
    5541
    5569
    5566
    5562
    5513
    5508
    5491
    5378
    5473
    5430
    5363
    5513
    5507
    5596
    5522
    5737
    5633
    5473
    5463
    5446
    5641
    5390
    5708
    5340
    5438
    5383
    5375
    5567
    5415
    5392
    5489
    5398
    5334
    5470
    5269
    5608
    5329
    5308
    5463
    5365
    5444
    5450
    5381
    5469
    5271
    5483
    5412
    5281
    5436
    5437
    5321
    5285
    5298
    5312
    5369
    5359
    5289
    5298
    5287
    5212
    5273
    5492
    5334
    5328
    5410
    5387
    5282
    5316
    5276
    5311
    5398
    5348
    5202
    5312
    5285
    5306
    5242
    5370
    5254
    5355
    5334
    5213
    5231
    5281
    5138
    5147
    5276
    5186
    5099
    5260
    5194
    5288
    5315
    5261
    5234
    5066
    5066
    5229
    5237
    5303
    5072
    5270
    5071
    5186
    5167
    5187
    5143
    5150
    5190
    5291
    5154
    5140
    5153
    5140
    5172
    5071
    5119
    5164
    5129
    5180
    5023
    5149
    5162
    5213
    5209
    5046
    4977
    5077
    5103
    5041
    5020
    5103
    4997
    5048
    4998
    5042
    5084
    5052
    4963
    5013
    5047
    5010
    4988
    4919
    5032
    4981
    5061
    5035
    5005
    4932
    4963
    5062
    4884
    5028
    4845
    4982
    4999
    5063
    4856
    4984
    4974
    4942
    4927
    4869
    4963
    5010
    5012
    4791
    4926
    4904
    4899
    4997
    4946
    5022
    4759
    4980
    4951
    4836
    4936
    4839
    4801
    4842
    4866
    4762
    4839
    4913
    4925
    4888
    4786
    4840
    4901
    4758
    4749
    4838
    4898
    4802
    4804
    4913
    4862
    4724
    4823
    4692
    4819
    4707
    4940
    4721
    4687
    4796
    4826
    4690
    4713
    4677
    4914
    4800
    4904
    4789
    4709
    4793
    4727
    4821
    4778
    4690
    4787
    4789
    4631
    4710
    4667
    4789
    4675
    4710
    4664
    4600
    4757
    4788
    4809
    4794
    4732
    4680
    4590
    4718
    4706
    4680
    4576
    4544
    4496
    4691
    4719
    4632
    4583
    4629
    4531
    4506
    4575
    4638
    4650
    4615
    4630
    4574
    4565
    4556
    4684
    4562
    4616
    4560
    4610
    4666
    4619
    4536
    4687
    4490
    4638
    4565
    4533
    4632
    4517
    4444
    4586
    4607
    4479
    4411
    4469
    4439
    4524
    4451
    4383
    4448
    4517
    4506
    4464
    4516
    4376
    4483
    4361
    4613
    4565
    4434
    4526
    4457
    4510
    4457
    4407
    4433
    4463
    4497
    4548
    4465
    4409
    4497
    4456
    4306
    4312
    4388
    4416
    4496
    4420
    4565
    4384
    4388
    4319
    4377
    4329
    4371
    4346
    4398
    4451
    4429
    4380
    4324
    4319
    4387
    4359
    4395
    4439
    4327
    4317
    4287
    4403
    4350
    4350
    4373
    4244
    4299
    4370
    4259
    4414
    4356
    4303
    4271
    4347
    4203
    4429
    4283
    4373
    4323
    4331
    4270
    4421
    4228
    4260
    4268
    4258
    4308
    4221
    4271
    4358
    4326
    4203
    4200
    4124
    4225
    4273
    4126
    4368
    4204
    4200
    4126
    4191
    4237
    4236
    4151
    4268
    4284
    4151
    4346
    4155
    4200
    4275
    4174
    4265
    4161
    4293
    4123
    4187
    4227
    4275
    4160
    4164
    4090
    3986
    4170
    4208
    4184
    4138
    4162
    4135
    4219
    4169
    4218
    4186
    4046
    4167
    4178
    4102
    4168
    4112
    4144
    4037
    4198
    4170
    4077
    4022
    4097
    4083
    4100
    4090
    4085
    4146
    4212
    3919
    4138
    4158
    4143
    3886
    4130
    4171
    4061
    4158
    4126
    4075
    4140
    4010
    4057
    4038
    4123
    4129
    4022
    4129
    4043
    4098
    4069
    3949
    3965
    3956
    4146
    4024
    4093
    4038
    4047
    4005
    3944
    4017
    4021
    3949
    3995
    3987
    4020
    3937
    4020
    3953
    3968
    3920
    4094
    3975
    4025
    4055
    4023
    4027
    4037
    4055
    3888
    3863
    4002
    3872
    3937
    4044
    3879
    4076
    3976
    3929
    3936
    3973
    4009
    3988
    3820
    3906
    4010
    3900
    4028
    4001
    3941
    3953
    3950
    3891
    4006
    3905
    3938
    3934
    3954
    3826
    3945
    3919
    3915
    3839
    3977
    3890
    3966
    4029
    3765
    3905
    3927
    3842
    3917
    3848
    3863
    3851
    3933
    3864
    3892
    3849
    3888
    3986
    3888
    3670
    3849
    3825
    3821
    3913
    3860
    3865
    3834
    3838
    3774
    3768
    3763
    3897
    3898
    3798
    3836
    3827
    3787
    3839
    3878
    3824
    3733
    3839
    3808
    3759
    3876
    3727
    3791
    3804
    3879
    3880
    3768
    3794
    3747
    3803
    3770
    3859
    3816
    3829
    3870
    3694
    3825
    3707
    3698
    3702
    3774
    3765
    3770
    3758
    3777
    3763
    3683
    3620
    3817
    3723
    3803
    3829
    3803
    3736
    3700
    3670
    3780
    3702
    3637
    3711
    3681
    3657
    3718
    3766
    3616
    3732
    3691
    3634
    3707
    3643
    3607
    3650
    3653
    3633
    3622
    3661
    3745
    3653
    3571
    3733
    3569
    3613
    3714
    3620
    3639
    3544
    3505
    3621
    3524
    3561
    3732
    3638
    3519
    3637
    3660
    3593
    3672
    3557
    3686
    3578
    3634
    3634
    3585
    3518
    3611
    3497
    3604
    3484
    3444
    3527
    3610
    3584
    3532
    3551
    3544
    3527
    3572
    3456
    3498
    3548
    3459
    3599
    3543
    3563
    3593
    3568
    3508
    3618
    3462
    3473
    3504
    3631
    3447
    3455
    3536
    3517
    3596
    3458
    3498
    3466
    3469
    3576
    3501
    3567
    3432
    3444
    3610
    3439
    3469
    3564
    3464
    3424
    3527
    3410
    3370
    3342
    3467
    3417
    3409
    3472
    3402
    3449
    3451
    3493
    3441
    3359
    3475
    3541
    3381
    3401
    3489
    3427
    3328
    3463
    3430
    3387
    3361
    3402
    3339
    3389
    3433
    3436
    3440
    3460
    3434
    3423
    3357
    3286
    3389
    3398
    3366
    3243
    3420
    3395
    3413
    3437
    3316
    3416
    3287
    3431
    3329
    3436
    3326
    3349
    3260
    3277
    3457
    3342
    3381
    3359
    3335
    3395
    3303
    3206
    3367
    3289
    3409
    3363
    3283
    3187
    3200
    3344
    3332
    3341
    3259
    3364
    3266
    3272
    3400
    3363
    3273
    3439
    3302
    3158
    3357
    3343
    3218
    3279
    3295
    3238
    3263
    3230
    3399
    3206
    3240
    3225
    3250
    3237
    3399
    3143
    3460
    3145
    3226
    3204
    3167
    3234
    3241
    3341
    3240
    3300
    3177
    3167
    3284
    3326
    3438
    3122
    3178
    3235
    3173
    3154
    3258
    3247
    3239
    3158
    3199
    3179
    3197
    3226
    3185
    3332
    3224
    3143
    3077
    3154
    3190
    3170
    3190
    3206
    3143
    3177
    3304
    3222
    3145
    3162
    3150
    3223
    3209
    3308
    3151
    3130
    3200
    3111
    3207
    3151
    3185
    3148
    3153
    3223
    3156
    3140
    3182
    3221
    3293
    3125
    3135
    3157
    3173
    3201
    3060
    3073
    3067
    3173
    3159
    3097
    3093
    3065
    3053
    3058
    3055
    3093
    3036
    3075
    3122
    3095
    3109
    3142
    3155
    3127
    3078
    3115
    3036
    3005
    3051
    3066
    3147
    3076
    3096
    3037
    3076
    3033
    3066
    3022
    3226
    3012
    2952
    3003
    3124
    3103
    3051
    3022
    3080
    3111
    2901
    2987
    2993
    2996
    3083
    3072
    3024
    2967
    3177
    2914
    2993
    2949
    3031
    3044
    3044
    3050
    3046
    3010
    2982
    2949
    2978
    2952
    3008
    2977
    3002
    2950
    3013
    2971
    3007
    2989
    2962
    3068
    2988
    2991
    3003
    2977
    2896
    2906
    2949
    3042
    2927
    3013
    2936
    2969
    2933
    2933
    2994
    2963
    3006
    2994
    2973
    2926
    2971
    2920
    2970
    2886
    2972
    2908
    2945
    2979
    2973
    2994
    2982
    2985
    3032
    2945
    2934
    2898
    2781
    2928
    2905
    2931
    2937
    2967
    2950
    2874
    2907
    2840
    2873
    2966
    2890
    2934
    2980
    2996
    2929
    2882
    2962
    2870
    2853
    2971
    2890
    2914
    2913
    2888
    2864
    2904
    2903
    2870
    2920
    2934
    2994
    2898
    2958
    2968
    2990
    2834
    2928
    2964
    2937
    2976
    2887
    2979
    2924
    2904
    2860
    2975
    2972
    2934
    2894
    3000
    3020
    2918
    2958
    2935
    2952
    2964
    2826
    2958
    3027
    2928
    2920
    2825
    2922
    2883
    2886
    2895
    2904
    2910
    2935
    2940
    3018
    2868
    2961
    3024
    2935
    2919
    3040
    2891
    2930
    2920
    2997
    3045
    2926
    2962
    2849
    2915
    2891
    2984
    2892
    2963
    2914
    2978
    3045
    2955
    3048
    2939
    3090
    3085
    2973
    3044
    3011
    2996
    2959
    3120
    2984
    3024
    2932
    2922
    3013
    3107
    3065
    2991
    2937
    2930
    2933
    3084
    2953
    2970
    2968
    3068
    3037
    3027
    2968
    2964
    3008
    2996
    3074
    3068
    2993
    3048
    2920
    3104
    3034
    3058
    2991
    3058
    3103
    3069
    3061
    2983
    2956
    3069
    3069
    2985
    2965
    3032
    2981
    2967
    3009
    3072
    3025
    3031
    3058
    3054
    2976
    3006
    2930
    3066
    3071
    3134
    3032
    3005
    2978
    3001
    3063
    3078
    3067
    3002
    3016
    3043
    3017
    3034
    3040
    3036
    3111
    2935
    3013
    2996
    3069
    3078
    2969
    3082
    2962
    3027
    3040
    3036
    3034
    3022
    3068
    3039
    2919
    2974
    2970
    3062
    2995
    3085
    2979
    2918
    2897
    3007
    3028
    2957
    2966
    2971
    2976
    3010
    2941
    3018
    2959
    2954
    2890
    2924
    2897
    2934
    2979
    2912
    2923
    2942
    2815
    2822
    2862
    2955
    2938
    2934
    2940
    2927
    2860
    2889
    2860
    2936
    2860
    2795
    2824
    2870
    2820
    2749
    2900
    2908
    2809
    2818
    2755
    2759
    2856
    2713
    2802
    2773
    2833
    2800
    2864
    2702
    2727
    2804
    2721
    2775
    2773
    2703
    2780
    2738
    2634
    2759
    2666
    2721
    2663
    2691
    2675
    2601
    2637
    2654
    2687
    2640
    2644
    2623
    2682
    2562
    2620
    2594
    2564
    2691
    2597
    2524
    2629
    2594
    2552
    2554
    2557
    2546
    2513
    2648
    2533
    2517
    2549
    2529
    2542
    2515
    2449
    2459
    2478
    2526
    2368
    2541
    2428
    2365
    2537
    2461
    2426
    2475
    2497
    2319
    2496
    2419
    2423
    2442
    2468
    2356
    2507
    2427
    2357
    2430
    2393
    2324
    2399
    2387
    2377
    2381
    2233
    2403
    2320
    2338
    2414
    2312
    2327
    2326
    2407
    2326
    2359
    2305
    2408
    2267
    2360
    2331
    2278
    2250
    2253
    2299
    2269
    2277
    2234
    2229
    2279
    2333
    2260
    2195
    2364
    2195
    2162
    2286
    2207
    2301
    2268
    2192
    2184
    2254
    2249
    2213
    2257
    2226
    2161
    2240
    2244
    2104
    2249
    2190
    2210
    2229
    2154
    2267
    2183
    2185
    2179
    2191
    2138
    2167
    2192
    2137
    2173
    2133
    2135
    2196
    2158
    2122
    2058
    2124
    2213
    2146
    2167
    2106
    2127
    2151
    2149
    2186
    2077
    2104
    2127
    2183
    2110
    2126
    2140
    2077
    2049
    2096
    2160
    2148
    2249
    2062
    2092
    2047
    2098
    2112
    2166
    2044
    2066
    2031
    2119
    2093
    2106
    1991
    2141
    2017
    2143
    2113
    2037
    2043
    2077
    2095
    1968
    2071
    2160
    2095
    2049
    2073
    2003
    2106
    2071
    2057
    2061
    2075
    2047
    2088
    2020
    2031
    2054
    2003
    2070
    1941
    2000
    2057
    2049
    2097
    2023
    2018
    2048
    2133
    2023
    2106
    1955
    2059
    1957
    2105
    2057
    2010
    2028
    2040
    2036
    2070
    2050
    1951
    2026
    2030
    1964
    2077
    1958
    1981
    1930
    1961
    1993
    2061
    1957
    1986
    1924
    1911
    2031
    1994
    1938
    1929
    1924
    1996
    1963
    1910
    2004
    1952
    2041
    2041
    2086
    1933
    2027
    1923
    2019
    1920
    1938
    1975
    1942
    1879
    2002
    1952
    1941
    1875
    1998
    1909
    1915
    2003
    1956
    1905
    1950
    1923
    1899
    1974
    1960
    1992
    1985
    1983
    1959
    1946
    1957
    2007
    1934
    1978
    1905
    1840
    1948
    1954
    1917
    1900
    1861
    1857
    1947
    1933
    1991
    1844
    1926
    1963
    1965
    1925
    1946
    1914
    1930
    1955
    1938
    1938
    1976
    1873
    1928
    1925
    1870
    1870
    1877
    1908
    1888
    1920
    1912
    1874
    1864
    1895
    1834
    1956
    1859
    1892
    1910
    1875
    1882
    1888
    1882
    1856
    1890
    1920
    1844
    1899
    1943
    1905
    1823
    1831
    1864
    1944
    1868
    1845
    1854
    1937
    1907
    1860
    1863
    1798
    1843
    1855
    1937
    1857
    1817
    1823
    1887
    1844
    1824
    1714
    1844
    1817
    1887
    1900
    1896
    1767
    1937
    1957
    1761
    1792
    1787
    1888
    1841
    1881
    1913
    1824
    1795
    1801
    1901
    1869
    1832
    1757
    1785
    1888
    1787
    1802
    1860
    1788
    1815
    1791
    1774
    1844
    1856
    1833
    1856
    1839
    1851
    1830
    1808
    1832
    1841
    1818
    1792
    1850
    1853
    1848
    1745
    1859
    1865
    1803
    1749
    1761
    1830
    1818
    1784
    1877
    1838
    1747
    1785
    1797
    1810
    1804
    1814
    1791
    1754
    1735
    1782
    1780
    1809
    1735
    1829
    1734
    1757
    1784
    1840
    1701
    1787
    1779
    1787
    1768
    1779
    1776
    1737
    1800
    1775
    1750
    1772
    1755
    1684
    1748
    1705
    1751
    1826
    1755
    1725
    1724
    1725
    1717
    1698
    1779
    1723
    1793
    1814
    1704
    1830
    1793
    1707
    1704
    1807
    1755
    1782
    1726
    1668
    1766
    1776
    1726
    1742
    1775
    1684
    1757
    1777
    1783
    1761
    1840
    1764
    1736
    1758
    1655
    1719
    1783
    1713
    1664
    1720
    1704
    1733
    1744
    1690
    1694
    1768
    1683
    1736
    1730
    1668
    1717
    1690
    1683
    1715
    1738
    1810
    1807
    1729
    1766
    1715
    1690
    1675
    1682
    1684
    1712
    1731
    1748
    1728
    1728
    1670
    1764
    1738
    1673
    1776
    1727
    1699
    1700
    1678
    1717
    1730
    1785
    1680
    1710
    1715
    1678
    1690
    1689
    1725
    1725
    1770
    1694
    1684
    1677
    1625
    1790
    1691
    1740
    1720
    1723
    1674
    1725
    1682
    1770
    1746
    1663
    1693
    1672
    1688
    1644
    1730
    1729
    1726
    1819
    1730
    1661
    1683
    1689
    1675
    1763
    1719
    1718
    1689
    1726
    1703
    1689
    1613
    1666
    1695
    1679
    1675
    1715
    1666
    1677
    1651
    1697
    1672
    1648
    1745
    1627
    1679
    1678
    1698
    1731
    1689
    1780
    1720
    1685
    1662
    1730
    1783
    1654
    1707
    1660
    1667
    1591
    1727
    1656
    1664
    1656
    1594
    1643
    1582
    1689
    1590
    1729
    1674
    1615
    1633
    1701
    1671
    1628
    1667
    1734
    1700
    1566
    1666
    1564
    1606
    1679
    1721
    1638
    1567
    1645
    1646
    1617
    1736
    1662
    1670
    1605
    1663
    1625
    1537
    1617
    1616
    1594
    1671
    1661
    1575
    1679
    1625
    1653
    1666
    1602
    1609
    1685
    1609
    1588
    1568
    1601
    1541
    1637
    1584
    1585
    1615
    1592
    1625
    1526
    1495
    1571
    1601
    1623
    1604
    1561
    1556
    1542
    1644
    1520
    1567
    1543
    1603
    1550
    1534
    1542
    1491
    1541
    1589
    1573
    1537
    1568
    1529
    1551
    1546
    1524
    1525
    1540
    1509
    1539
    1554
    1518
    1523
    1547
    1582
    1551
    1541
    1499
    1508
    1524
    1491
    1463
    1513
    1552
    1600
    1539
    1529
    1486
    1474
    1455
    1510
    1513
    1462
    1505
    1484
    1475
    1542
    1514
    1498
    1469
    1483
    1528
    1482
    1499
    1487
    1516
    1484
    1483
    1467
    1400
    1452
    1458
    1519
    1478
    1470
    1420
    1422
    1421
    1466
    1465
    1374
    1465
    1415
    1440
    1476
    1393
    1447
    1478
    1412
    1406
    1489
    1375
    1436
    1497
    1516
    1466
    1409
    1413
    1407
    1373
    1431
    1407
    1347
    1411
    1352
    1433
    1435
    1389
    1459
    1382
    1361
    1358
    1461
    1371
    1416
    1394
    1428
    1412
    1370
    1439
    1455
    1316
    1364
    1444
    1310
    1380
    1363
    1383
    1419
    1397
    1385
    1407
    1453
    1389
    1378
    1418
    1328
    1337
    1394
    1382
    1373
    1372
    1351
    1361
    1347
    1319
    1465
    1368
    1321
    1320
    1373
    1377
    1279
    1389
    1348
    1317
    1321
    1338
    1327
    1333
    1347
    1408
    1280
    1326
    1320
    1334
    1296
    1343
    1387
    1393
    1316
    1387
    1367
    1326
    1349
    1366
    1406
    1339
    1305
    1396
    1321
    1373
    1332
    1390
    1324
    1416
    1349
    1343
    1380
    1323
    1366
    1376
    1333
    1300
    1304
    1319
    1307
    1318
    1312
    1347
    1348
    1325
    1354
    1336
    1332
    1296
    1356
    1359
    1336
    1317
    1394
    1323
    1288
    1255
    1278
    1277
    1354
    1351
    1342
    1350
    1332
    1309
    1372
    1277
    1294
    1326
    1340
    1316
    1290
    1333
    1348
    1369
    1296
    1354
    1335
    1314
    1421
    1321
    1216
    1342
    1279
    1352
    1324
    1381
    1279
    1375
    1342
    1327
    1279
    1315
    1279
    1349
    1342
    1326
    1328
    1315
    1336
    1317
    1279
    1350
    1298
    1276
    1271
    1270
    1295
    1268
    1315
    1328
    1346
    1311
    1348
    1261
    1334
    1299
    1337
    1305
    1278
    1299
    1252
    1300
    1322
    1317
    1328
    1313
    1281
    1321
    1355
    1324
    1333
    1264
    1289
    1347
    1380
    1291
    1300
    1310
    1234
    1281
    1367
    1332
    1300
    1315
    1333
    1233
    1308
    1304
    1351
    1294
    1322
    1253
    1288
    1310
    1271
    1218
    1295
    1268
    1343
    1322
    1307
    1342
    1342
    1370
    1353
    1287
    1350
    1265
    1243
    1277
    1243
    1325
    1321
    1309
    1314
    1306
    1191
    1317
    1299
    1267
    1326
    1313
    1368
    1375
    1322
    1323
    1350
    1295
    1241
    1311
    1332
    1271
    1303
    1252
    1248
    1271
    1297
    1285
    1282
    1337
    1366
    1288
    1253
    1249
    1342
    1320
    1286
    1288
    1268
    1311
    1295
    1315
    1342
    1334
    1260
    1285
    1296
    1235
    1306
    1303
    1254
    1251
    1354
    1301
    1271
    1297
    1384
    1292
    1274
    1278
    1351
    1356
    1336
    1272
    1273
    1304
    1228
    1332
    1229
    1374
    1356
    1286
    1281
    1364
    1336
    1269
    1275
    1318
    1301
    1318
    1343
    1266
    1263
    1289
    1293
    1289
    1268
    1390
    1303
    1248
    1307
    1300
    1293
    1328
    1351
    1335
    1318
    1365
    1292
    1290
    1299
    1285
    1220
    1246
    1349
    1345
    1265
    1250
    1303
    1257
    1320
    1246
    1357
    1262
    1210
    1327
    1262
    1365
    1329
    1279
    1273
    1264
    1299
    1312
    1321
    1316
    1302
    1321
    1348
    1310
    1260
    1262
    1306
    1294
    1307
    1305
    1300
    1219
    1281
    1229
    1240
    1325
    1289
    1297
    1335
    1314
    1334
    1264
    1270
    1318
    1282
    1318
    1282
    1329
    1347
    1307
    1204
    1320
    1327
    1261
    1259
    1305
    1310
    1275
    1350
    1345
    1237
    1285
    1304
    1248
    1273
    1323
    1287
    1273
    1315
    1234
    1342
    1336
    1296
    1308
    1315
    1288
    1340
    1261
    1293
    1322
    1388
    1269
    1319
    1362
    1294
    1426
    1274
    1231
    1275
    1258
    1231
    1312
    1306
    1317
    1339
    1261
    1271
    1282
    1298
    1230
    1358
    1279
    1333
    1293
    1273
    1233
    1314
    1284
    1337
    1321
    1283
    1313
    1336
    1263
    1223
    1311
    1296
    1231
    1293
    1277
    1337
    1295
    1281
    1292
    1312
    1287
    1261
    1276
    1299
    1290
    1261
    1341
    1270
    1331
    1340
    1260
    1204
    1329
    1305
    1286
    1267
    1176
    1252
    1336
    1284
    1295
    1219
    1202
    1332
    1282
    1277
    1241
    1228
    1276
    1276
    1281
    1285
    1267
    1272
    1231
    1262
    1249
    1288
    1288
    1266
    1213
    1256
    1263
    1250
    1255
    1241
    1286
    1259
    1263
    1201
    1252
    1298
    1206
    1240
    1214
    1267
    1192
    1248
    1224
    1218
    1239
    1276
    1245
    1236
    1282
    1244
    1204
    1210
    1266
    1208
    1210
    1205
    1230
    1239
    1165
    1182
    1133
    1179
    1214
    1179
    1210
    1181
    1174
    1202
    1222
    1168
    1233
    1170
    1196
    1149
    1209
    1290
    1181
    1183
    1190
    1154
    1199
    1154
    1172
    1164
    1180
    1173
    1155
    1112
    1217
    1177
    1201
    1160
    1100
    1135
    1203
    1239
    1164
    1146
    1113
    1091
    1142
    1065
    1132
    1139
    1143
    1120
    1080
    1082
    1099
    1102
    1122
    1085
    1163
    1066
    1064
    1093
    1116
    1096
    1103
    1069
    1103
    1084
    1142
    1119
    1085
    1098
    1122
    1069
    1083
    1100
    1060
    1111
    1055
    1065
    1090
    1074
    1126
    1052
    1111
    1056
    1059
    1046
    1085
    1030
    1004
    1040
    1002
     977
    1067
    1069
    1061
    1029
    1007
    1070
    1048
    1064
    1034
    1027
    1023
    1108
    1010
    1008
    1042
    1027
    1041
    1022
    1015
    1001
    1050
     963
    1033
    1009
     986
     994
     970
    1001
    1032
    1041
    1018
     973
    1018
    1022
     996
    1018
     995
    1037
    1016
     971
     957
     935
     984
     972
    1004
    1036
     993
    1012
     982
    1017
    1020
     987
     961
     967
    1010
     923
     994
     973
     899
     947
     956
     989
     968
     970
     934
     974
     922
     949
     997
     969
     955
     957
     967
     936
     967
     895
     957
     948
     987
     978
     941
     933
     908
     930
     899
     954
     926
     889
     866
     977
     950
     941
    1001
     971
     945
     970
     961
     935
     902
    1012
     946
     905
     933
     974
     899
     893
     905
     924
     983
     917
     924
     916
     911
     917
     912
     862
     843
     900
     911
     888
     873
     955
     890
     914
     886
     921
     855
     930
     894
     912
     908
     915
     899
     936
     919
     887
     880
     926
     932
     848
     950
     881
     941
     896
     929
     914
     859
     920
     946
     884
     881
     907
     924
     977
     945
     897
     890
     873
     900
     893
     884
     910
     843
     858
     849
     914
     898
     934
     956
     885
     821
     909
     869
     926
     877
     936
     909
     882
     844
     853
     887
     869
     891
     865
     939
     866
     850
     889
     865
     888
     846
     887
     904
     888
     915
     874
     888
     898
     840
     853
     878
     885
     876
     839
     885
     871
     813
     870
     879
     885
     870
     833
     810
     883
     861
     894
     869
     954
     862
     852
     885
     907
     862
     870
     870
     873
     889
     867
     875
     880
     841
     847
     845
     894
     826
     811
     895
     881
     817
     891
     851
     829
     904
     857
     858
     855
     895
     887
     844
     837
     849
     846
     930
     864
     876
     824
     809
     828
     802
     827
     842
     785
     816
     849
     796
     901
     898
     833
     832
     820
     872
     813
     817
     847
     813
     814
     876
     814
     816
     864
     839
     832
     790
     883
     835
     852
     818
     862
     834
     827
     803
     858
     846
     837
     821
     821
     846
     831
     834
     801
     827
     839
     844
     830
     804
     856
     795
     823
     858
     809
     761
     831
     797
     828
     816
     793
     829
     864
     832
     823
     842
     788
     852
     848
     836
     806
     869
     810
     798
     914
     793
     775
     818
     842
     875
     823
     792
     782
     838
     835
     818
     821
     822
     767
     836
     807
     879
     840
     892
     847
     830
     836
     786
     815
     861
     799
     784
     789
     748
     858
     804
     859
     810
     799
     827
     849
     839
     836
     829
     826
     839
     854
     835
     772
     770
     808
     811
     811
     811
     839
     851
     819
     748
     888
     835
     813
     808
     767
     811
     837
     860
     841
     764
     826
     809
     855
     826
     829
     792
     808
     781
     851
     758
     814
     799
     787
     805
     801
     835
     729
     808
     769
     814
     776
     785
     755
     801
     810
     851
     789
     841
     838
     779
     843
     815
     765
     763
     828
     768
     830
     802
     847
     797
     772
     778
     863
     789
     867
     768
     794
     805
     806
     838
     780
     769
     854
     849
     777
     796
     765
     803
     820
     793
     829
     758
     827
     789
     824
     797
     777
     794
     813
     785
     779
     835
     794
     761
     770
     807
     812
     798
     753
     758
     789
     834
     824
     746
     797
     779
     770
     782
     799
     750
     801
     768
     799
     796
     827
     845
     811
     855
     750
     780
     794
     799
     810
     779
     801
     821
     777
     779
     742
     792
     738
     765
     763
     759
     778
     780
     774
     804
     721
     748
     766
     775
     711
     724
     781
     790
     779
     828
     750
     778
     781
     794
     776
     814
     761
     785
     771
     741
     729
     746
     772
     793
     831
     790
     786
     720
     754
     773
     781
     840
     795
     754
     750
     761
     772
     782
     773
     754
     746
     735
     774
     743
     790
     729
     775
     719
     778
     727
     794
     764
     738
     768
     725
     747
     766
     747
     708
     779
     728
     761
     741
     796
     750
     731
     730
     704
     764
     776
     792
     768
     790
     738
     735
     764
     730
     806
     759
     754
     699
     753
     741
     752
     777
     751
     751
     735
     767
     789
     772
     703
     748
     719
     773
     723
     741
     760
     702
     749
     755
     713
     738
     771
     772
     749
     744
     768
     726
     730
     755
     751
     703
     735
     726
     755
     744
     721
     740
     733
     761
     715
     750
     716
     756
     732
     715
     761
     755
     745
     745
     703
     721
     696
     773
     720
     747
     712
     759
     691
     762
     775
     736
     769
     761
     712
     691
     732
     701
     738
     684
     764
     708
     726
     746
     771
     645
     709
     719
     704
     742
     710
     729
     716
     681
     763
     703
     775
     716
     716
     681
     673
     680
     739
     709
     683
     722
     769
     687
     688
     681
     679
     718
     748
     690
     746
     732
     747
     713
     779
     713
     723
     771
     671
     690
     703
     718
     700
     703
     669
     684
     707
     654
     715
     688
     664
     671
     715
     720
     684
     730
     697
     679
     727
     771
     720
     720
     730
     682
     683
     669
     689
     723
     709
     703
     730
     717
     680
     769
     741
     660
     677
     677
     706
     656
     681
     716
     672
     702
     708
     680
     671
     694
     677
     697
     667
     710
     711
     705
     722
     727
     678
     667
     653
     650
     742
     680
     672
     690
     625
     742
     707
     706
     673
     691
     696
     657
     706
     703
     714
     707
     707
     666
     716
     673
     701
     702
     672
     654
     644
     640
     674
     676
     730
     703
     702
     688
     672
     701
     682
     660
     734
     652
     676
     664
     681
     695
     668
     632
     701
     664
     656
     654
     659
     674
     687
     730
     628
     683
     643
     675
     707
     722
     675
     662
     663
     616
     670
     665
     651
     697
     688
     701
     716
     703
     671
     645
     618
     714
     670
     650
     669
     688
     573
     654
     672
     728
     673
     632
     649
     665
     658
     621
     686
     660
     711
     655
     679
     652
     713
     642
     707
     676
     710
     639
     644
     662
     643
     672
     663
     678
     686
     641
     638
     640
     643
     640
     684
     652
     672
     676
     674
     680
     599
     628
     643
     636
     682
     625
     699
     674
     706
     648
     667
     621
     606
     652
     711
     687
     638
     660
     634
     673
     652
     664
     609
     660
     665
     656
     672
     663
     688
     623
     632
     664
     621
     672
     656
     681
     647
     680
     629
     645
     671
     608
     643
     656
     677
     670
     651
     677
     654
     637
     658
     659
     682
     649
     674
     648
     630
     673
     602
     681
     677
     607
     695
     605
     671
     617
     653
     706
     654
     608
     694
     651
     615
     614
     666
     635
     623
     663
     664
     656
     632
     683
     622
     687
     635
     668
     659
     647
     646
     687
     622
     655
     653
     641
     636
     639
     649
     659
     662
     636
     669
     620
     658
     674
     690
     678
     636
     646
     622
     663
     637
     697
     640
     633
     652
     650
     634
     660
     651
     678
     641
     637
     626
     643
     672
     679
     606
     625
     633
     610
     618
     638
     639
     680
     639
     621
     616
     663
     611
     606
     606
     582
     630
     656
     644
     663
     650
     652
     649
     651
     655
     655
     639
     656
     674
     652
     601
     633
     656
     611
     641
     673
     639
     634
     634
     617
     619
     627
     607
     644
     655
     625
     640
     660
     675
     602
     665
     614
     600
     629
     623
     611
     661
     639
     619
     615
     654
     651
     614
     640
     611
     630
     607
     719
     670
     652
     662
     633
     626
     597
     632
     662
     594
     677
     616
     619
     602
     653
     662
     625
     667
     612
     619
     674
     652
     604
     630
     599
     627
     633
     655
     658
     632
     593
     610
     636
     649
     621
     614
     593
     598
     616
     633
     632
     642
     622
     659
     606
     623
     627
     621
     609
     642
     577
     620
     618
     649
     671
     655
     691
     619
     614
     613
     603
     608
     632
     629
     611
     609
     578
     616
     617
     672
     620
     668
     674
     619
     629
     668
     657
     636
     618
     616
     631
     621
     604
     601
     648
     661
     624
     615
     642
     663
     634
     600
     618
     638
     578
     633
     591
     644
     604
     645
     624
     593
     657
     650
     609
     643
     609
     596
     631
     614
     624
     605
     595
     649
     654
     641
     622
     594
     604
     606
     616
     691
     599
     650
     633
     655
     597
     608
     629
     589
     636
     604
     633
     596
     628
     619
     596
     603
     625
     648
     616
     619
     653
     618
     630
     622
     603
     600
     565
     629
     610
     614
     605
     600
     635
     624
     639
     619
     613
     640
     572
     603
     619
     605
     607
     584
     566
     637
     585
     599
     576
     585
     611
     652
     608
     599
     563
     635
     593
     639
     594
     608
     563
     594
     621
     561
     578
     571
     587
     578
     618
     601
     600
     594
     610
     608
     621
     585
     587
     587
     564
     628
     662
     635
     597
     553
     597
     566
     594
     608
     559
     591
     621
     602
     617
     585
     587
     599
     597
     599
     600
     572
     592
     594
     573
     594
     607
     602
     605
     630
     576
     594
     615
     586
     582
     617
     570
     604
     601
     573
     564
     564
     601
     613
     586
     608
     640
     593
     572
     574
     592
     606
     595
     582
     578
     603
     577
     597
     591
     553
     610
     542
     608
     619
     589
     552
     575
     540
     592
     569
     590
     557
     542
     556
     596
     589
     604
     595
     560
     610
     576
     552
     570
     619
     525
     600
     537
     557
     556
     645
     543
     597
     621
     578
     605
     636
     543
     567
     550
     579
     609
     580
     532
     574
     553
     581
     551
     593
     590
     571
     595
     551
     605
     528
     573
     579
     556
     644
     552
     573
     561
     575
     606
     568
     597
     563
     555
     556
     558
     585
     556
     575
     546
     524
     578
     581
     531
     566
     589
     586
     586
     620
     572
     598
     583
     560
     551
     589
     548
     560
     577
     610
     573
     594
     563
     608
     610
     592
     578
     532
     601
     547
     565
     607
     603
     547
     557
     605
     581
     567
     589
     561
     551
     535
     548
     566
     575
     573
     595
     584
     579
     565
     592
     559
     527
     614
     551
     610
     573
     564
     570
     555
     544
     555
     587
     595
     564
     585
     610
     579
     578
     587
     605
     574
     572
     644
     516
     565
     578
     593
     565
     539
     551
     519
     606
     563
     559
     550
     581
     553
     600
     586
     595
     591
     550
     568
     570
     558
     575
     608
     601
     566
     572
     590
     539
     560
     599
     582
     593
     614
     594
     552
     598
     585
     556
     555
     572
     554
     588
     575
     557
     575
     615
     551
     591
     584
     554
     567
     598
     615
     558
     555
     585
     582
     558
     582
     604
     604
     576
     579
     526
     554
     586
     557
     635
     539
     586
     617
     569
     580
     608
     602
     573
     575
     624
     593
     576
     601
     599
     571
     560
     595
     632
     610
     560
     603
     574
     605
     579
     601
     580
     550
     604
     565
     599
     554
     552
     637
     601
     603
     575
     583
     596
     525
     555
     574
     585
     576
     548
     568
     613
     603
     620
     605
     583
     591
     612
     562
     577
     624
     645
     546
     607
     567
     578
     584
     566
     605
     606
     586
     625
     579
     578
     630
     615
     580
     577
     617
     617
     624
     637
     624
     586
     627
     634
     583
     590
     633
     603
     626
     609
     579
     646
     627
     564
     566
     640
     631
     580
     609
     621
     617
     636
     660
     581
     639
     604
     625
     637
     608
     620
     640
     625
     629
     617
     581
     638
     613
     626
     616
     621
     621
     612
     629
     609
     601
     610
     615
     656
     644
     632
     587
     645
     621
     642
     675
     606
     601
     663
     618
     631
     661
     609
     619
     654
     655
     652
     617
     618
     647
     612
     703
     606
     623
     653
     621
     600
     619
     677
     641
     662
     696
     641
     626
     648
     630
     608
     623
     627
     647
     619
     650
     658
     668
     622
     645
     645
     656
     583
     639
     618
     650
     620
     682
     632
     634
     591
     631
     624
     659
     636
     631
     663
     609
     658
     658
     659
     671
     611
     635
     636
     636
     620
     697
     603
     649
     646
     649
     652
     646
     624
     665
     667
     669
     629
     660
     599
     692
     584
     645
     638
     635
     663
     664
     613
     583
     652
     631
     658
     635
     670
     617
     611
     650
     596
     672
     608
     649
     585
     628
     597
     615
     643
     623
     643
     635
     579
     641
     677
     616
     682
     660
     628
     632
     601
     629
     649
     621
     645
     623
     639
     579
     611
     601
     663
     606
     627
     623
     631
     628
     612
     627
     636
     632
     627
     598
     636
     623
     585
     624
     540
     608
     644
     653
     613
     658
     547
     666
     594
     564
     583
     560
     602
     600
     572
     606
     580
     600
     593
     582
     637
     584
     537
     568
     577
     575
     577
     616
     568
     599
     592
     584
     563
     579
     568
     598
     593
     621
     569
     595
     541
     606
     631
     591
     603
     562
     569
     584
     552
     558
     610
     567
     564
     628
     596
     576
     554
     569
     556
     577
     517
     583
     536
     595
     570
     622
     545
     532
     614
     502
     598
     574
     552
     546
     586
     542
     561
     539
     548
     559
     568
     551
     561
     526
     556
     567
     542
     525
     556
     533
     574
     548
     526
     576
     533
     558
     535
     526
     518
     540
     531
     514
     532
     559
     515
     527
     508
     557
     522
     520
     562
     528
     503
     535
     505
     521
     507
     579
     541
     509
     487
     497
     544
     547
     511
     496
     525
     494
     529
     546
     509
     567
     514
     503
     544
     510
     513
     493
     501
     505
     517
     533
     516
     485
     490
     518
     496
     464
     454
     519
     503
     511
     505
     540
     534
     490
     491
     526
     496
     481
     526
     484
     498
     498
     524
     500
     510
     497
     526
     470
     517
     505
     533
     482
     492
     519
     540
     475
     467
     502
     537
     460
     496
     487
     513
     462
     516
     480
     456
     488
     452
     477
     469
     465
     483
     431
     487
     487
     429
     488
     475
     472
     467
     491
     498
     449
     503
     506
     477
     437
     437
     442
     491
     481
     423
     454
     481
     474
     471
     497
     469
     451
     477
     489
     504
     487
     465
     471
     481
     466
     489
     493
     509
     455
     423
     498
     463
     486
     446
     479
     494
     444
     474
     479
     432
     452
     474
     487
     468
     504
     457
     461
     492
     434
     458
     471
     491
     459
     473
     469
     450
     472
     461
     467
     463
     459
     461
     459
     504
     513
     477
     442
     476
     451
     476
     497
     460
     458
     484
     480
     435
     406
     487
     450
     469
     500
     472
     468
     460
     447
     465
     460
     437
     454
     454
     423
     484
     424
     450
     471
     450
     447
     462
     437
     473
     447
     504
     466
     423
     494
     499
     460
     460
     405
     479
     482
     447
     442
     446
     468
     442
     467
     474
     463
     462
     449
     458
     442
     457
     418
     427
     478
     468
     440
     459
     463
     477
     480
     467
     464
     483
     480
     443
     444
     468
     446
     461
     444
     438
     434
     401
     410
     468
     453
     450
     446
     399
     457
     438
     417
     441
     460
     439
     446
     474
     455
     501
     438
     493
     466
     476
     446
     415
     461
     500
     455
     447
     425
     437
     451
     431
     445
     467
     460
     432
     451
     429
     466
     457
     449
     462
     446
     475
     407
     439
     440
     444
     414
     450
     453
     448
     484
     468
     432
     471
     481
     454
     456
     443
     444
     477
     487
     392
     441
     452
     447
     445
     480
     432
     475
     426
     464
     459
     455
     407
     429
     469
     476
     465
     429
     479
     459
     467
     452
     461
     483
     490
     445
     460
     446
     449
     442
     451
     464
     494
     479
     415
     447
     452
     468
     467
     460
     436
     503
     435
     437
     453
     477
     470
     417
     474
     449
     450
     437
     499
     435
     442
     454
     442
     487
     476
     501
     432
     467
     464
     504
     443
     425
     430
     445
     422
     444
     464
     433
     431
     431
     451
     426
     438
     441
     476
     479
     451
     472
     458
     464
     418
     456
     454
     506
     437
     505
     442
     460
     451
     465
     476
     441
     438
     471
     471
     479
     463
     448
     456
     434
     429
     468
     443
     473
     488
     438
     475
     464
     498
     438
     481
     448
     438
     450
     433
     476
     414
     459
     441
     458
     452
     468
     462
     485
     460
     468
     454
     445
     455
     506
     480
     462
     446
     478
     451
     425
     481
     451
     463
     450
     460
     452
     466
     450
     501
     432
     485
     469
     439
     451
     443
     506
     502
     467
     425
     473
     451
     454
     502
     464
     508
     485
     467
     454
     455
     476
     483
     497
     489
     493
     499
     471
     463
     457
     442
     499
     457
     489
     465
     515
     457
     458
     484
     512
     465
     438
     491
     454
     491
     476
     481
     479
     486
     494
     485
     527
     480
     426
     490
     440
     474
     463
     480
     471
     475
     487
     475
     458
     473
     497
     484
     466
     508
     488
     461
     493
     518
     487
     465
     498
     482
     516
     509
     482
     466
     498
     502
     481
     482
     478
     508
     500
     473
     458
     480
     488
     507
     500
     521
     498
     494
     468
     465
     492
     537
     510
     458
     479
     505
     499
     510
     524
     509
     521
     469
     505
     449
     535
     517
     512
     489
     501
     512
     533
     531
     495
     467
     502
     503
     529
     499
     547
     503
     572
     518
     486
     480
     534
     518
     493
     562
     521
     542
     502
     530
     490
     506
     500
     534
     480
     511
     532
     465
     533
     516
     516
     497
     505
     515
     513
     494
     545
     529
     532
     495
     544
     530
     518
     541
     518
     561
     514
     515
     533
     555
     570
     553
     549
     530
     477
     532
     524
     521
     534
     551
     532
     500
     525
     543
     548
     509
     570
     553
     487
     552
     530
     540
     540
     554
     497
     516
     547
     552
     551
     517
     552
     506
     503
     565
     553
     515
     555
     539
     542
     521
     525
     551
     536
     541
     568
     556
     516
     515
     518
     533
     559
     575
     563
     573
     496
     564
     509
     533
     532
     542
     526
     535
     552
     524
     522
     552
     534
     549
     513
     544
     558
     545
     485
     523
     510
     509
     502
     519
     537
     559
     529
     527
     539
     500
     561
     594
     511
     573
     539
     550
     567
     541
     548
     558
     550
     551
     520
     561
     562
     534
     545
     570
     548
     535
     529
     521
     514
     567
     583
     513
     512
     525
     582
     560
     551
     579
     534
     558
     527
     513
     537
     497
     521
     522
     498
     499
     530
     521
     543
     556
     543
     511
     579
     533
     534
     527
     488
     562
     553
     558
     535
     493
     561
     553
     538
     546
     484
     546
     529
     505
     552
     509
     546
     496
     537
     536
     497
     543
     549
     504
     522
     499
     536
     532
     557
     505
     544
     528
     517
     545
     485
     535
     513
     522
     584
     559
     522
     491
     516
     523
     493
     494
     513
     464
     540
     519
     538
     481
     503
     513
     497
     523
     548
     508
     531
     533
     489
     521
     513
     481
     527
     471
     521
     476
     537
     497
     491
     533
     491
     529
     524
     537
     515
     488
     519
     534
     461
     490
     528
     541
     523
     492
     501
     542
     522
     509
     543
     526
     528
     499
     523
     500
     517
     506
     516
     521
     537
     504
     502
     510
     522
     542
     520
     504
     501
     493
     521
     537
     495
     533
     523
     482
     508
     513
     508
     510
     523
     503
     511
     501
     505
     568
     488
     522
     488
     532
     552
     516
     528
     502
     490
     496
     497
     494
     476
     508
     502
     497
     504
     527
     519
     523
     525
     494
     504
     510
     538
     493
     504
     556
     533
     473
     491
     473
     533
     505
     530
     494
     513
     470
     571
     524
     504
     525
     537
     534
     522
     479
     498
     525
     508
     502
     525
     511
     507
     488
     499
     509
     489
     520
     489
     482
     517
     485
     522
     485
     518
     492
     515
     479
     511
     497
     490
     513
     557
     509
     499
     483
     485
     536
     489
     530
     490
     469
     478
     508
     501
     493
     528
     506
     523
     507
     574
     537
     496
     503
     503
     501
     526
     493
     512
     487
     523
     524
     532
     501
     506
     494
     505
     501
     475
     537
     498
     526
     510
     477
     464
     519
     480
     485
     492
     485
     465
     470
     531
     507
     535
     479
     463
     546
     480
     522
     459
     547
     507
     495
     472
     468
     510
     521
     500
     474
     504
     470
     498
     506
     477
     495
     480
     504
     494
     487
     502
     483
     517
     463
     492
     517
     512
     515
     474
     509
     492
     502
     472
     435
     508
     502
     461
     480
     473
     499
     478
     493
     471
     478
     480
     489
     457
     473
     510
     484
     451
     485
     463
     440
     487
     459
     468
     433
     482
     496
     464
     443
     490
     493
     504
     468
     443
     443
     446
     439
     443
     439
     486
     463
     441
     474
     459
     446
     431
     421
     502
     444
     497
     463
     443
     449
     443
     489
     434
     468
     415
     421
     405
     459
     423
     440
     459
     468
     429
     460
     470
     441
     426
     416
     434
     405
     425
     450
     467
     458
     432
     451
     448
     433
     440
     424
     400
     445
     412
     440
     433
     421
     397
     461
     438
     419
     417
     438
     436
     402
     406
     428
     420
     396
     421
     432
     420
     413
     388
     408
     408
     441
     466
     379
     398
     413
     437
     387
     382
     412
     469
     379
     401
     396
     383
     405
     407
     431
     399
     429
     396
     415
     378
     392
     416
     359
     407
     400
     400
     376
     402
     376
     397
     417
     420
     396
     384
     437
     374
     384
     366
     393
     414
     379
     404
     377
     381
     377
     393
     384
     389
     379
     353
     385
     397
     401
     417
     417
     409
     374
     375
     374
     410
     390
     375
     396
     420
     347
     347
     386
     348
     361
     362
     363
     389
     367
     402
     379
     345
     340
     379
     346
     370
     357
     337
     369
     382
     381
     394
     370
     336
     370
     364
     355
     348
     381
     376
     375
     346
     350
     364
     330
     345
     332
     369
     378
     370
     371
     343
     371
     351
     335
     384
     404
     352
     388
     334
     333
     358
     333
     360
     370
     344
     347
     337
     357
     389
     350
     350
     362
     355
     363
     357
     344
     342
     354
     367
     328
     325
     343
     337
     340
     373
     343
     353
     337
     358
     354
     376
     357
     355
     355
     372
     317
     377
     339
     357
     313
     374
     344
     356
     363
     334
     333
     329
     367
     339
     350
     325
     354
     370
     364
     340
     365
     328
     335
     325
     350
     333
     349
     352
     331
     358
     343
     313
     352
     342
     356
     372
     347
     359
     368
     351
     359
     326
     327
     355
     331
     331
     320
     305
     325
     333
     328
     330
     340
     328
     356
     303
     313
     321
     305
     297
     307
     345
     361
     330
     319
     301
     328
     294
     385
     325
     322
     340
     339
     331
     335
     325
     343
     354
     323
     319
     371
     324
     320
     337
     375
     298
     326
     328
     351
     337
     348
     313
     338
     301
     328
     335
     364
     337
     337
     330
     352
     335
     362
     309
     348
     313
     328
     333
     324
     324
     321
     337
     330
     301
     308
     300
     321
     332
     327
     334
     293
     329
     327
     311
     343
     374
     304
     338
     345
     325
     326
     294
     314
     319
     326
     304
     329
     335
     300
     336
     338
     318
     350
     302
     331
     306
     337
     340
     338
     335
     339
     342
     306
     323
     328
     324
     322
     354
     322
     350
     286
     340
     340
     318
     308
     343
     330
     327
     307
     337
     357
     335
     322
     339
     342
     316
     303
     329
     328
     320
     325
     328
     300
     340
     311
     325
     311
     356
     304
     327
     314
     317
     321
     310
     344
     303
     348
     347
     291
     327
     339
     311
     311
     349
     316
     322
     287
     298
     319
     291
     341
     344
     290
     332
     332
     324
     324
     307
     338
     313
     333
     345
     328
     334
     336
     317
     321
     330
     311
     325
     314
     341
     305
     324
     328
     318
     331
     339
     314
     314
     303
     354
     289
     285
     292
     313
     296
     320
     288
     351
     340
     301
     293
     323
     313
     319
     284
     310
     345
     303
     326
     317
     312
     340
     308
     334
     332
     309
     287
     331
     325
     288
     309
     338
     293
     299
     327
     315
     322
     332
     327
     326
     316
     328
     347
     355
     334
     309
     324
     320
     324
     286
     290
     319
     323
     327
     323
     323
     330
     328
     322
     303
     300
     321
     317
     289
     319
     331
     339
     303
     311
     316
     276
     314
     299
     276
     337
     319
     328
     310
     302
     340
     338
     309
     341
     338
     314
     308
     289
     348
     331
     341
     268
     348
     291
     342
     305
     313
     287
     275
     316
     317
     330
     294
     329
     306
     284
     302
     299
     284
     333
     315
     300
     320
     283
     338
     329
     330
     293
     291
     340
     333
     316
     306
     347
     329
     289
     363
     295
     320
     312
     345
     332
     311
     292
     304
     329
     319
     280
     309
     297
     314
     292
     305
     298
     318
     308
     316
     307
     307
     285
     314
     320
     294
     308
     308
     303
     306
     301
     334
     314
     320
     307
     302
     304
     317
     326
     295
     334
     321
     327
     316
     331
     323
     298
     302
     277
     293
     316
     301
     295
     291
     320
     305
     328
     316
     306
     294
     305
     273
     307
     326
     304
     320
     296
     343
     328
     299
     307
     308
     289
     302
     293
     297
     311
     305
     265
     317
     308
     322
     314
     320
     276
     293
     329
     317
     310
     300
     307
     323
     291
     304
     290
     331
     279
     290
     302
     270
     287
     349
     292
     307
     337
     307
     351
     272
     294
     328
     309
     263
     288
     302
     262
     308
     307
     303
     315
     303
     315
     316
     305
     315
     305
     306
     290
     316
     272
     298
     284
     309
     329
     306
     339
     296
     298
     319
     287
     296
     293
     311
     301
     294
     285
     319
     281
     279
     315
     297
     284
     292
     291
     290
     289
     291
     308
     312
     291
     317
     277
     317
     307
     317
     298
     294
     325
     326
     314
     321
     299
     293
     304
     291
     288
     334
     284
     322
     303
     298
     305
     285
     321
     315
     322
     308
     300
     285
     305
     276
     301
     295
     347
     306
     298
     274
     293
     290
     291
     295
     298
     286
     304
     303
     298
     310
     285
     300
     290
     285
     313
     271
     297
     279
     298
     273
     298
     289
     298
     309
     304
     306
     316
     274
     305
     314
     299
     284
     282
     288
     298
     281
     279
     324
     288
     316
     289
     272
     311
     296
     297
     296
     286
     281
     320
     300
     346
     295
     286
     289
     301
     282
     319
     280
     298
     291
     311
     280
     301
     317
     291
     248
     266
     265
     277
     318
     289
     287
     307
     300
     304
     265
     258
     335
     318
     296
     315
     289
     286
     297
     300
     286
     284
     286
     310
     292
     305
     298
     287
     263
     285
     262
     309
     272
     284
     329
     317
     305
     295
     304
     284
     295
     297
     301
     288
     308
     263
     308
     284
     301
     300
     308
     268
     297
     274
     288
     286
     284
     282
       0
       0
       0
       0
       0
       0
       0
       0
       0
       0
       0
       0
       0
       0
       0
       0
       0
       0
       0
       0
       0
       0
       0
       0
       0
       0
       0
       0
       0
       0
       0
       0
       0
       0
       0
       0
       0
       0
       0
       0
       0
       0
       0
       0
       0
       0
       0
       0
       0
       0
       0
       0
       0
       0
       0
       0
       0
       0
       0
       0
       0
       0
       0
       0
       0
       0
       0
       0
       0
       0
       0
       0
       0
       0
       0
       0
       0
       0
       0
       0
       0
       0
       0
       0
       0
       0
       0
       0
       0
       0
       0
       0
       0
       0
       0
       0
       0
       0
       0
       0
       0
       0
       0
       0
       0
       0
       0
       0
       0
       0
       0
       0
       0
       0
       0
       0
       0
       0
       0
       0
       0
       0
       0
       0
       0
       0
       0
       0
$ROI:
0
$PRESETS:
None
0
0
$ENER_FIT:
9.774222 0.090718
$MCA_CAL:
3
9.774222E+000 9.071762E-002 -8.949190E-008 keV
$SHAPE_CAL:
3
0.000000E+000 0.000000E+000 0.000000E+000
