$SPEC_ID:
Cesio_23_maggio
$SPEC_REM:
DET# 9
DETDESC# COMPTON
AP# Maestro Version 7.01
$DATE_MEA:
03/28/2018 16:57:49
$MEAS_TIM:
2776 2781
$DATA:
0 8191
       0
       0
       0
       0
       0
       0
       0
       0
       0
       0
       0
       0
       0
       0
       0
       0
       0
       0
       0
       0
       0
       0
       0
       0
       0
       0
       0
       0
       0
       0
       0
       0
       0
       0
       0
       0
       0
       0
       0
       0
       0
       0
       0
       0
       0
       0
       0
       0
       0
       0
       0
       0
       0
       0
       0
       0
       0
       0
       0
       0
       0
       0
       0
       0
       1
       3
       6
      22
      36
      42
      36
      35
      46
      47
      50
      43
      38
      29
      33
      50
      43
      46
      35
      43
      34
      39
      50
      50
      39
      36
      35
      56
      44
      50
      49
      49
      44
      35
      53
      59
      46
      51
      49
      35
      52
      51
      36
      43
      44
      57
      41
      48
      40
      49
      46
      52
      46
      44
      43
      55
      45
      44
      57
      48
      36
      53
      57
      43
      58
      51
      50
      43
      56
      53
      43
      50
      68
      53
      60
      52
      60
      63
      69
      65
      63
      51
      64
      57
      80
      62
      70
      72
      50
      69
      56
      71
      60
      72
      67
      67
      60
      76
      54
      65
      54
      78
      53
      60
      85
      79
      56
      63
      60
      70
      70
      74
      60
      57
      77
      63
      56
      57
      73
      61
      61
      73
      78
      72
      85
      80
      56
      59
      53
      65
      76
      89
      79
      85
      85
     118
     107
     101
     105
     115
      98
     111
     119
     112
     108
     112
     114
     131
     151
     151
     126
     134
     156
     160
     188
     171
     197
     201
     195
     210
     205
     237
     242
     245
     240
     265
     257
     298
     314
     334
     312
     352
     344
     340
     395
     410
     469
     441
     450
     486
     519
     519
     565
     531
     589
     646
     657
     649
     633
     693
     734
     732
     784
     833
     815
     889
     866
     845
     940
     918
     957
     930
     988
    1009
    1047
    1061
    1039
    1043
    1109
    1121
    1115
    1092
    1089
    1158
    1140
    1095
    1151
    1095
    1107
    1041
    1108
    1115
    1076
    1115
    1074
    1063
    1001
     993
    1040
     968
     949
     972
     935
     942
     923
     779
     909
     862
     832
     860
     802
     713
     717
     700
     682
     691
     615
     685
     626
     626
     564
     589
     516
     521
     521
     551
     487
     487
     472
     451
     432
     442
     396
     408
     412
     361
     360
     341
     372
     319
     342
     342
     308
     298
     305
     312
     284
     306
     288
     256
     262
     236
     208
     223
     202
     216
     196
     196
     184
     182
     159
     178
     173
     144
     144
     152
     136
     136
     142
     120
     120
     122
     100
      99
      87
      92
      72
      98
      84
      75
      74
      76
      62
      57
      76
      74
      45
      59
      44
      59
      79
      56
      48
      46
      67
      47
      57
      36
      50
      41
      44
      46
      46
      47
      29
      36
      42
      45
      44
      49
      37
      41
      42
      39
      30
      34
      49
      40
      36
      32
      48
      35
      34
      31
      38
      27
      39
      42
      46
      37
      49
      43
      48
      34
      36
      45
      48
      46
      41
      36
      37
      41
      50
      36
      41
      41
      39
      40
      57
      42
      41
      52
      52
      48
      51
      41
      46
      43
      37
      37
      37
      49
      41
      43
      51
      50
      55
      48
      61
      39
      48
      41
      49
      47
      54
      55
      46
      52
      53
      63
      51
      50
      48
      68
      50
      60
      67
      53
      62
      63
      54
      54
      63
      54
      59
      59
      48
      53
      64
      39
      53
      59
      55
      54
      60
      48
      58
      58
      56
      57
      55
      54
      52
      59
      45
      63
      60
      56
      55
      54
      51
      55
      52
      59
      64
      61
      68
      73
      63
      66
      67
      60
      66
      63
      63
      55
      62
      59
      57
      65
      48
      65
      53
      71
      60
      52
      59
      62
      49
      51
      53
      62
      60
      60
      60
      66
      69
      53
      56
      58
      60
      68
      57
      60
      47
      41
      55
      60
      48
      64
      64
      52
      65
      55
      65
      62
      67
      61
      64
      58
      67
      67
      55
      61
      65
      72
      65
      70
      71
      64
      67
      82
      76
      71
      69
      60
      68
      63
      82
      64
      67
      73
      80
      81
      73
      81
      62
      59
      86
      72
      62
      61
      60
      86
      81
      76
      74
      75
      77
      79
      91
      62
      77
      70
      79
      85
      74
      77
      73
      81
      81
     106
      80
     106
      86
      79
      70
      68
      94
      85
      94
      72
      94
      92
      92
      78
      80
      97
      88
      85
     100
      75
      98
      95
     101
      85
      96
      74
      93
      83
      88
      80
      93
      89
      80
      82
     100
     100
      94
      87
      85
      89
     105
     108
      98
     111
      86
     101
      97
     109
     102
      99
     105
     124
     114
     109
     111
      98
     127
     109
     114
     104
     119
     111
     132
     106
     123
     138
     129
     112
     112
     105
     126
     120
     114
     121
     127
     120
     140
     142
     135
     124
     127
     146
     142
     146
     154
     153
     163
     131
     140
     163
     133
     172
     149
     169
     138
     175
     172
     141
     168
     180
     187
     165
     181
     189
     168
     165
     170
     175
     174
     195
     175
     199
     206
     166
     199
     174
     196
     197
     221
     211
     184
     181
     213
     215
     212
     222
     219
     253
     219
     226
     231
     226
     240
     220
     263
     261
     226
     249
     253
     299
     258
     266
     269
     282
     262
     272
     266
     319
     304
     304
     298
     292
     285
     287
     308
     276
     314
     288
     315
     334
     323
     320
     361
     300
     320
     305
     311
     346
     353
     343
     329
     351
     364
     352
     311
     326
     312
     356
     349
     371
     333
     359
     355
     353
     355
     366
     368
     346
     356
     357
     335
     332
     344
     332
     338
     358
     351
     318
     317
     327
     306
     316
     287
     340
     317
     345
     309
     268
     338
     312
     310
     289
     320
     286
     293
     306
     281
     254
     267
     291
     264
     274
     250
     247
     240
     232
     230
     254
     225
     238
     253
     229
     215
     224
     214
     195
     186
     206
     188
     200
     172
     179
     187
     160
     165
     163
     147
     134
     151
     152
     147
     138
     157
     121
     141
     144
     114
     129
     116
     122
     104
     108
     100
     105
      89
      81
     100
      98
      99
      91
      92
      94
      97
      91
      88
     103
      85
      77
      88
      68
      92
      75
      65
      80
      89
      77
      68
      70
      72
      77
      85
      68
      61
      62
      65
      74
      61
      74
      60
      64
      63
      69
      53
      65
      62
      54
      62
      68
      64
      57
      68
      48
      62
      68
      47
      52
      67
      63
      41
      60
      42
      55
      51
      63
      62
      59
      49
      61
      40
      61
      46
      40
      56
      51
      50
      45
      51
      45
      47
      50
      54
      50
      55
      53
      45
      45
      45
      47
      59
      48
      52
      49
      44
      55
      48
      41
      48
      40
      57
      44
      56
      62
      36
      45
      43
      47
      55
      45
      53
      44
      47
      47
      41
      46
      39
      43
      55
      56
      41
      43
      49
      48
      47
      53
      56
      66
      53
      51
      51
      45
      57
      48
      55
      47
      37
      68
      46
      55
      51
      41
      45
      56
      49
      43
      57
      57
      49
      48
      40
      49
      51
      51
      59
      60
      45
      49
      52
      51
      38
      45
      47
      46
      46
      54
      68
      43
      46
      45
      55
      46
      45
      48
      44
      43
      47
      45
      54
      50
      57
      67
      50
      45
      38
      52
      49
      49
      59
      46
      51
      56
      53
      39
      48
      47
      55
      55
      51
      52
      54
      50
      53
      43
      58
      54
      44
      63
      38
      56
      47
      51
      49
      51
      72
      51
      44
      44
      60
      51
      60
      56
      38
      33
      46
      47
      53
      43
      62
      47
      45
      55
      53
      47
      44
      44
      49
      56
      53
      54
      42
      66
      53
      51
      56
      51
      38
      47
      38
      52
      43
      46
      59
      43
      55
      54
      46
      66
      35
      49
      45
      57
      55
      56
      55
      56
      48
      44
      42
      56
      46
      68
      56
      52
      57
      40
      57
      46
      53
      47
      53
      43
      48
      48
      40
      52
      51
      48
      48
      44
      67
      53
      42
      70
      51
      54
      56
      60
      63
      56
      45
      52
      53
      54
      53
      57
      49
      51
      55
      50
      42
      41
      53
      53
      47
      65
      58
      37
      43
      54
      45
      40
      54
      46
      40
      53
      48
      42
      41
      64
      58
      47
      37
      43
      55
      48
      50
      36
      39
      40
      44
      51
      56
      61
      47
      48
      56
      48
      44
      40
      43
      56
      45
      56
      41
      48
      47
      49
      53
      53
      35
      43
      53
      49
      42
      45
      48
      50
      47
      56
      43
      37
      45
      52
      42
      38
      55
      34
      46
      47
      47
      43
      45
      41
      53
      55
      44
      46
      48
      55
      44
      38
      48
      34
      73
      54
      43
      47
      45
      34
      62
      49
      40
      53
      49
      48
      46
      44
      61
      53
      57
      57
      41
      33
      47
      40
      37
      46
      45
      33
      55
      55
      41
      49
      49
      41
      47
      37
      49
      55
      55
      46
      56
      46
      33
      47
      54
      46
      55
      51
      49
      38
      53
      43
      38
      45
      50
      51
      43
      44
      54
      48
      54
      38
      46
      49
      62
      71
      48
      46
      50
      38
      57
      43
      52
      42
      33
      44
      43
      59
      47
      53
      42
      50
      48
      49
      56
      59
      52
      46
      38
      43
      52
      36
      52
      38
      55
      55
      55
      53
      51
      53
      51
      38
      54
      42
      45
      44
      48
      53
      55
      56
      34
      36
      46
      48
      40
      54
      48
      41
      47
      43
      47
      49
      55
      54
      46
      47
      47
      50
      45
      44
      40
      44
      43
      42
      46
      39
      48
      53
      48
      53
      48
      48
      51
      45
      48
      41
      60
      60
      56
      49
      38
      52
      28
      52
      49
      42
      61
      40
      54
      64
      57
      48
      49
      48
      54
      36
      49
      50
      48
      36
      43
      52
      49
      45
      51
      48
      39
      40
      46
      58
      51
      57
      49
      47
      44
      48
      50
      49
      54
      40
      47
      61
      36
      45
      42
      48
      39
      45
      56
      40
      58
      53
      53
      39
      49
      50
      52
      54
      49
      57
      62
      63
      53
      50
      42
      50
      42
      39
      52
      45
      40
      53
      48
      47
      47
      56
      48
      54
      54
      53
      49
      49
      44
      41
      40
      40
      53
      50
      46
      53
      47
      49
      49
      49
      65
      46
      50
      52
      57
      61
      42
      58
      51
      59
      48
      52
      47
      57
      49
      43
      36
      53
      49
      53
      55
      40
      54
      56
      56
      47
      42
      53
      41
      62
      47
      45
      43
      53
      52
      43
      55
      70
      49
      45
      44
      55
      56
      45
      39
      48
      50
      37
      40
      39
      53
      56
      60
      51
      59
      61
      46
      43
      51
      52
      65
      55
      50
      66
      45
      39
      45
      54
      52
      60
      46
      59
      50
      44
      46
      54
      60
      50
      55
      45
      59
      49
      57
      61
      38
      44
      52
      55
      57
      43
      51
      60
      60
      52
      54
      48
      60
      42
      49
      67
      60
      56
      58
      57
      54
      49
      49
      54
      48
      59
      48
      50
      60
      63
      54
      49
      69
      50
      46
      71
      50
      54
      52
      57
      46
      57
      39
      42
      59
      63
      54
      45
      52
      49
      35
      52
      54
      61
      50
      61
      59
      61
      53
      58
      57
      47
      51
      48
      65
      57
      58
      50
      50
      54
      45
      62
      54
      50
      51
      44
      59
      64
      61
      48
      64
      55
      57
      53
      64
      60
      47
      55
      52
      54
      50
      42
      46
      59
      51
      54
      50
      48
      49
      59
      59
      53
      60
      53
      48
      56
      57
      46
      52
      52
      60
      53
      57
      59
      52
      54
      58
      61
      41
      55
      59
      50
      41
      40
      54
      58
      50
      54
      66
      50
      47
      51
      46
      38
      61
      46
      54
      49
      55
      53
      43
      59
      55
      43
      50
      51
      53
      49
      45
      57
      50
      46
      43
      38
      51
      46
      44
      49
      32
      46
      57
      50
      41
      42
      53
      40
      39
      46
      51
      41
      54
      50
      43
      45
      44
      39
      58
      62
      42
      47
      47
      51
      49
      45
      51
      47
      38
      47
      34
      50
      57
      51
      37
      61
      45
      40
      33
      33
      45
      43
      49
      40
      41
      39
      49
      47
      47
      46
      38
      45
      34
      47
      47
      48
      40
      38
      40
      63
      35
      40
      45
      52
      34
      44
      39
      53
      46
      43
      58
      36
      38
      51
      46
      46
      53
      59
      51
      50
      42
      42
      43
      40
      48
      36
      52
      44
      58
      39
      45
      50
      50
      47
      49
      43
      34
      41
      40
      41
      41
      55
      43
      41
      44
      41
      46
      49
      44
      43
      48
      49
      49
      51
      39
      40
      50
      39
      37
      45
      36
      50
      38
      48
      49
      41
      47
      46
      42
      37
      42
      40
      49
      50
      48
      35
      41
      45
      45
      41
      43
      34
      42
      42
      38
      39
      38
      37
      31
      42
      51
      45
      34
      46
      36
      45
      39
      43
      47
      42
      44
      42
      41
      37
      38
      34
      37
      42
      39
      33
      36
      61
      40
      42
      50
      40
      41
      48
      44
      36
      38
      37
      35
      39
      44
      41
      43
      33
      51
      31
      37
      47
      40
      51
      37
      37
      42
      46
      35
      41
      33
      44
      37
      39
      35
      33
      51
      28
      44
      38
      45
      37
      41
      38
      37
      33
      34
      40
      41
      52
      49
      47
      46
      36
      48
      35
      35
      47
      40
      41
      31
      35
      53
      40
      48
      37
      39
      45
      40
      35
      49
      40
      41
      39
      45
      35
      39
      39
      43
      35
      34
      47
      41
      36
      30
      35
      37
      51
      43
      44
      32
      35
      36
      42
      35
      25
      45
      45
      34
      40
      41
      39
      45
      36
      40
      32
      34
      36
      36
      45
      38
      36
      44
      32
      36
      35
      36
      33
      37
      45
      35
      49
      45
      33
      31
      38
      50
      35
      41
      31
      35
      45
      47
      25
      28
      39
      29
      41
      34
      33
      33
      34
      44
      40
      39
      28
      34
      25
      26
      41
      41
      45
      27
      26
      52
      32
      30
      37
      45
      32
      35
      44
      25
      34
      38
      44
      26
      32
      45
      34
      43
      32
      33
      31
      39
      42
      35
      43
      26
      30
      33
      40
      37
      25
      22
      38
      31
      41
      27
      38
      30
      35
      39
      36
      33
      24
      32
      38
      41
      32
      40
      36
      23
      36
      31
      35
      40
      37
      24
      35
      28
      33
      30
      31
      29
      35
      37
      23
      28
      38
      28
      27
      36
      38
      27
      40
      22
      38
      28
      37
      29
      30
      34
      34
      29
      31
      32
      39
      32
      27
      32
      27
      33
      26
      31
      33
      24
      34
      24
      41
      39
      16
      25
      31
      41
      33
      44
      36
      31
      28
      30
      25
      35
      26
      39
      27
      38
      38
      40
      27
      29
      21
      29
      34
      29
      36
      31
      23
      29
      28
      20
      32
      27
      32
      35
      33
      28
      28
      31
      30
      23
      32
      38
      27
      28
      35
      38
      30
      31
      26
      28
      35
      24
      28
      30
      33
      28
      40
      24
      20
      30
      22
      22
      23
      27
      27
      32
      19
      29
      37
      24
      44
      27
      29
      36
      30
      30
      31
      31
      36
      30
      34
      25
      25
      34
      35
      37
      21
      31
      24
      26
      24
      21
      25
      30
      24
      28
      25
      32
      23
      28
      25
      26
      25
      34
      27
      28
      20
      30
      29
      25
      29
      22
      25
      26
      35
      19
      31
      27
      22
      15
      19
      30
      22
      30
      26
      30
      25
      27
      27
      23
      27
      31
      18
      30
      27
      31
      20
      24
      22
      30
      24
      32
      35
      26
      23
      27
      36
      29
      34
      21
      21
      25
      30
      30
      26
      28
      35
      32
      23
      28
      36
      26
      28
      28
      30
      25
      28
      38
      21
      31
      21
      28
      20
      23
      25
      31
      22
      26
      20
      27
      28
      28
      20
      25
      20
      25
      26
      22
      18
      28
      19
      25
      27
      21
      21
      28
      21
      14
      22
      25
      29
      24
      24
      23
      33
      26
      19
      27
      22
      22
      30
      24
      27
      30
      26
      17
      20
      30
      29
      21
      24
      32
      32
      26
      23
      24
      26
      35
      22
      21
      28
      30
      20
      17
      18
      29
      23
      21
      18
      15
      32
      24
      28
      36
      20
      25
      27
      18
      27
      18
      21
      22
      20
      24
      23
      20
      21
      29
      19
      27
      27
      23
      24
      29
      16
      25
      25
      27
      25
      26
      17
      19
      26
      28
      22
      24
      25
      17
      20
      21
      31
      29
      26
      21
      27
      18
      18
      21
      18
      29
      34
      19
      27
      25
      20
      29
      34
      26
      21
      17
      26
      24
      17
      26
      21
      21
      22
      25
      20
      25
      18
      37
      22
      15
      23
      25
      17
      24
      24
      23
      37
      12
      17
      19
      27
      18
      22
      27
      26
      29
      20
      30
      17
      23
      21
      28
      26
      29
      25
      24
      20
      14
      20
      26
      25
      27
      19
      20
      26
      24
      25
      30
      26
      28
      28
      19
      17
      12
      22
      28
      30
      26
      19
      19
      21
      20
      16
      20
      31
      26
      18
      27
      26
      22
      26
      24
      25
      24
      24
      26
      27
      18
      16
      26
      20
      26
      21
      22
      18
      24
      20
      22
      26
      17
      20
      25
      14
      16
      27
      13
      27
      26
      16
      22
      19
      26
      13
      10
      10
      19
      21
      24
      24
      25
      22
      16
      27
      17
      17
      16
      19
      21
      19
      21
      23
       9
      21
      24
      16
      24
      26
      15
      22
      14
      19
      21
      19
      11
      13
      13
      14
      15
      16
      19
      25
      15
      23
      18
      22
      17
      18
      17
      18
      14
      19
      16
      22
      16
      26
      20
       7
      26
      15
      23
      20
      19
      18
      14
      25
      15
      10
      14
      18
      21
      23
      21
      16
      20
      19
      22
      16
      20
      16
      19
      18
      18
      16
      14
      20
      16
      22
      14
      22
      18
      22
      19
      14
      14
      20
      11
      13
      23
      12
      11
      17
      27
      11
      18
      12
      10
      30
      17
      12
       9
      25
      17
      17
      20
      12
      14
      13
      15
      19
      14
      15
      14
      11
      13
      12
      14
      15
      18
      18
      25
      16
      13
       6
      14
      19
      16
      16
      20
      14
      11
      12
      17
      13
      22
      18
      12
      13
      12
      14
      13
      18
      15
      19
      13
      22
      13
      13
       8
      23
      19
      20
      22
      15
      14
      20
      23
      26
      24
      19
      19
       9
      16
      13
      21
      15
      23
      13
      17
      13
      17
      12
      15
      17
      16
      12
      17
       9
      21
      22
      13
      13
      16
      14
      14
       9
      15
      16
      18
      15
      14
      12
      22
      17
      13
      10
      20
      17
      15
      21
      22
      24
      18
      16
      17
      19
      12
      13
      16
      18
      19
      18
      12
      11
      18
      13
      19
      17
      20
      20
      17
      18
      23
      21
      25
      20
      21
      23
      23
      15
      18
      25
      13
      22
      18
      22
      16
      14
      32
      27
      24
      25
      34
      21
      25
      21
      14
      18
      26
      27
      15
      24
      19
      22
      23
      24
      23
      22
      21
      28
      31
      17
      25
      17
      18
      28
      20
      31
      26
      25
      23
      22
      28
      19
      21
      28
      21
      32
      23
      35
      17
      26
      17
      27
      25
      21
      25
      25
      33
      24
      23
      26
      39
      23
      31
      28
      28
      25
      45
      34
      18
      29
      25
      24
      24
      29
      35
      29
      22
      27
      24
      22
      34
      40
      33
      24
      40
      28
      28
      39
      32
      38
      35
      32
      41
      32
      37
      26
      25
      30
      35
      26
      32
      35
      35
      41
      34
      40
      31
      40
      29
      35
      32
      32
      37
      34
      32
      27
      30
      38
      33
      29
      46
      34
      32
      37
      37
      27
      46
      26
      31
      37
      33
      30
      45
      41
      34
      43
      35
      26
      28
      32
      37
      29
      23
      31
      39
      30
      49
      36
      37
      30
      31
      29
      29
      33
      34
      34
      39
      31
      36
      28
      42
      32
      35
      23
      31
      29
      43
      29
      32
      23
      38
      28
      35
      25
      26
      30
      31
      26
      25
      25
      28
      31
      26
      32
      31
      27
      25
      23
      27
      29
      20
      14
      25
      26
      29
      23
      35
      29
      29
      25
      27
      30
      26
      26
      17
      26
      28
      15
      21
      23
      30
      28
      23
      26
      33
      33
      22
      22
      30
      28
      26
      13
      23
      20
      21
      18
      23
      16
      27
      29
      28
      25
      18
      14
      34
      26
      18
      26
      18
      21
      24
      23
      18
      26
      21
      25
      16
      24
      24
      20
      22
      19
      18
      25
      31
      16
      17
      16
      19
      23
      15
      19
      24
      19
      17
      20
      17
      29
      22
      25
      28
      22
      21
      15
      21
      16
      19
      25
      19
      25
      24
      31
      21
      24
      25
      25
      20
      27
      25
      30
      21
      32
      21
      22
      29
      24
      26
      26
      23
      24
      22
      34
      19
      25
      28
      34
      40
      20
      32
      33
      44
      33
      38
      24
      32
      36
      30
      41
      24
      46
      33
      35
      29
      33
      32
      31
      37
      32
      36
      39
      40
      43
      42
      26
      39
      36
      49
      41
      41
      43
      42
      45
      40
      44
      40
      40
      46
      33
      51
      39
      40
      40
      44
      33
      56
      50
      45
      47
      44
      46
      30
      57
      44
      45
      41
      40
      45
      49
      58
      47
      58
      59
      64
      57
      47
      49
      50
      62
      43
      58
      43
      55
      47
      43
      59
      57
      65
      60
      49
      60
      58
      46
      44
      53
      53
      54
      65
      58
      56
      59
      69
      52
      44
      67
      53
      48
      60
      51
      81
      40
      58
      75
      64
      71
      57
      55
      56
      63
      54
      64
      53
      50
      51
      62
      56
      50
      59
      58
      65
      59
      54
      60
      45
      54
      55
      51
      58
      51
      52
      45
      47
      42
      54
      52
      49
      63
      46
      45
      67
      50
      50
      46
      52
      41
      51
      66
      61
      45
      52
      58
      52
      47
      53
      47
      43
      58
      44
      48
      50
      60
      59
      50
      41
      39
      50
      36
      37
      37
      31
      37
      43
      43
      53
      45
      43
      48
      41
      35
      41
      35
      29
      43
      37
      38
      34
      38
      30
      37
      39
      44
      32
      37
      32
      29
      28
      34
      31
      38
      31
      35
      34
      30
      33
      34
      25
      26
      31
      35
      31
      31
      18
      34
      32
      22
      25
      23
      20
      26
      32
      19
      28
      24
      19
      17
      32
      19
      22
      21
      16
      26
      17
      13
      15
      19
      23
      19
      21
      14
      19
      16
      31
      11
      17
      17
      21
      20
      17
      14
      25
      24
      21
      26
      18
      16
      17
      22
      18
      23
      11
      14
      23
      19
      16
      19
      15
      10
       8
      11
      14
      13
      15
      12
      14
      15
      15
      15
      18
      20
      11
      23
      13
      16
      18
      12
      17
      12
      14
      13
       9
       7
      10
      14
      17
      13
       9
      10
      13
      20
      15
       8
       9
      18
       3
      16
      10
      12
      11
      10
      11
      10
      14
      11
      13
      11
       5
      10
      13
       7
      10
      11
       5
       9
      14
       8
       7
      10
      13
      14
       4
      14
      12
      11
      11
      12
       9
      14
      10
      12
       5
      14
      17
       7
      12
      10
       7
       4
      16
       8
      11
       6
       9
       8
      11
       6
      12
      13
       9
       9
       9
      14
      12
      13
      10
       9
       8
       9
       6
       4
       9
       8
      14
       8
      11
       5
      10
      13
      12
      12
       4
       7
       9
      10
       6
       7
      10
       9
      11
       6
      10
       6
      14
       7
      13
       9
      10
      10
       7
      12
      14
       8
      13
      18
      13
       9
      13
       8
       8
       9
       5
       3
       7
      12
       6
       8
      13
       6
      12
      10
       9
       5
      11
      10
       8
       8
      13
      11
      13
       7
       7
       9
      11
      11
       9
      16
      11
       6
       5
      10
      13
      12
       8
       8
      11
       9
       2
       7
       8
       6
      13
      12
       5
       6
      14
       8
       7
      12
      15
      11
       6
      10
       5
      16
       9
      17
      10
      12
       9
       6
      17
       2
      18
       8
      11
      12
      14
       8
      11
       7
      12
       7
      10
       9
      16
      13
       7
      15
      13
      13
       5
      10
      14
      16
      14
       9
      19
      15
      23
      21
      10
      17
      24
      15
      15
      13
      12
      14
      26
      12
      14
      17
      18
      12
      17
      25
      24
      21
      17
      24
      21
      16
      27
      22
      21
      28
      20
      19
      22
      24
      24
      25
      23
      18
      24
      23
      28
      28
      27
      25
      27
      25
      25
      25
      34
      30
      34
      33
      24
      38
      34
      33
      38
      35
      33
      35
      35
      39
      27
      37
      41
      37
      34
      42
      46
      43
      47
      49
      40
      39
      49
      41
      33
      43
      47
      54
      60
      58
      51
      44
      58
      68
      51
      50
      63
      58
      54
      71
      43
      52
      58
      69
      56
      76
      60
      67
      63
      70
      74
      79
      62
      65
      53
      63
      61
      66
      86
      62
      60
      68
      68
      82
      72
      70
      88
      61
      82
      73
      75
      82
      94
      82
      95
      88
      88
      94
      85
      86
      92
      86
     107
      92
     120
     102
     101
     116
      89
      99
     111
     100
      98
     109
      97
     100
     109
     130
     104
     116
     109
     103
     123
      90
     134
     124
     107
     125
     126
     117
     129
     112
     125
     107
     117
     128
     128
     125
     128
     119
     125
     123
     119
     135
     113
     153
     125
     126
     129
     126
     132
     109
     124
     122
     139
     131
     144
     131
     127
     102
     109
     124
     137
     114
     118
     127
     115
     153
     136
     150
     163
     129
     121
     149
     112
     130
     139
     102
     127
     142
     113
     128
     118
     146
     135
     127
     131
     115
     150
     130
     111
     121
     130
     121
     119
     127
     106
     112
     128
     117
     110
     136
     126
     117
     117
     107
     113
     120
     127
     126
     106
     106
     122
     110
     106
     103
     111
     100
     108
     112
     111
     111
      97
     122
     101
     111
     126
      89
     102
     102
     103
     105
     112
      95
     104
     103
     102
     113
     110
     115
      90
      92
      76
     106
      80
      96
      87
      90
      94
      87
      91
      84
      88
      89
      83
      82
      84
      91
      79
      94
      80
      72
      82
      80
      75
      68
      81
      85
      78
      62
      76
      75
      81
      73
      65
      53
      66
      78
      63
      76
      61
      46
      48
      69
      67
      59
      79
      56
      54
      49
      47
      47
      46
      33
      58
      44
      50
      48
      42
      49
      47
      56
      33
      38
      36
      47
      58
      44
      50
      47
      43
      37
      41
      43
      41
      38
      38
      30
      30
      48
      31
      39
      28
      28
      28
      35
      28
      44
      37
      32
      27
      32
      37
      42
      33
      36
      31
      27
      27
      27
      35
      20
      20
      25
      29
      30
      21
      23
      22
      29
      24
      30
      23
      23
      33
      26
      18
      28
      27
      24
      26
      23
      24
      21
      16
      24
      32
      27
      15
      29
      26
      24
      25
      20
      17
      17
      15
      21
      24
      17
      14
      18
      26
      24
      25
      17
      17
      21
      28
      20
      19
      22
      25
      21
      29
      26
      21
      26
      25
      15
      25
      19
      15
      18
      20
      17
      24
      19
      17
      22
      26
      17
      20
      25
      14
      28
      36
      17
      23
      14
      18
      21
      26
      20
      18
      21
      14
      19
      25
      22
      14
      18
      27
      25
      18
      23
      25
      21
      23
      15
      20
      21
      25
      17
      16
      16
      21
      14
      18
      20
      23
      22
      23
      13
      23
      18
      10
      22
      22
      16
      18
      19
      27
      22
      21
      18
      22
      26
      16
      32
      22
      23
      31
      21
      15
      27
      18
      27
      15
      24
      26
      31
      21
      29
      23
      24
      10
      23
      19
      20
      21
      18
      21
      24
      19
      15
      21
      16
      17
      21
      17
      19
      20
      13
      29
      18
      30
      18
      22
      20
      15
      30
      19
      22
      23
      18
      17
      26
      26
      24
      21
      18
      14
      19
      22
      17
      25
      19
      18
      15
      14
      11
      18
      22
      20
      17
      18
      15
      23
      21
      18
      25
      12
      14
      16
      15
      20
      19
      10
      16
      15
      14
      15
      18
      19
      14
      16
      20
      25
      12
      17
       7
      20
      18
      16
      19
      15
      18
      13
      12
      14
      17
      15
      19
      12
      13
      19
       8
      11
      14
      11
       8
       7
      10
      13
      15
      10
      12
      10
      14
      15
      13
      10
      10
      12
      13
      15
      12
       6
      12
       9
      13
       8
      10
       6
       9
      13
      11
      10
      10
      12
       9
      10
      12
       6
       9
      11
       7
      13
       8
      13
       5
       8
      11
       5
       7
       4
       8
       3
       5
      14
      10
      15
       6
      11
       4
       5
       9
      10
       8
      12
      11
       8
       7
       9
       6
       7
       6
       3
       7
      10
      13
      11
       6
       4
       7
       6
       7
       5
       5
       3
       5
       6
       7
      11
       5
       6
       5
      10
      10
       6
      11
      10
       3
       3
       5
       7
       5
       4
       6
       5
       8
       5
       3
       6
       2
       6
       3
       5
       7
       7
       6
       3
       3
       2
       2
       4
       4
       5
       4
       5
       3
       3
       5
       5
       5
       7
       2
       2
       4
      11
      10
       5
       3
       4
       3
       4
       3
       7
       7
       4
       5
       8
       3
       6
       5
       6
       7
       8
       3
       5
       8
       3
       2
       9
       2
       2
       6
       5
       7
       4
       3
       1
       4
       5
       5
       2
       6
       7
       3
       8
       2
       8
       1
       3
       5
       2
       2
       5
       5
       2
       1
       7
       6
       2
       1
       2
       2
       6
       4
       9
       7
       5
       2
       5
       5
       6
       9
       2
       8
       5
       5
       5
       5
       3
       4
       4
       3
       4
       3
       6
       3
       2
       2
       9
       8
       2
       5
       5
       7
       1
       2
       4
       7
       5
       5
       6
       5
       6
       4
       4
       6
       6
       2
       4
       5
       3
       4
       6
       3
      15
       2
       5
       5
       6
       5
       4
       0
       5
       8
       5
       5
       5
       6
       4
       1
       7
       3
       5
       6
       6
       3
       4
       6
       4
       2
       3
       5
       2
       5
       2
       7
       3
       5
       4
       5
       5
       8
       5
       7
       3
       1
       2
       3
       1
       4
       4
       4
       4
       6
       5
       1
       3
       2
       2
       0
       3
       2
       6
       7
       5
       8
       4
       3
       4
       1
       2
       4
       2
       0
       4
       5
       5
       7
       2
       5
       2
       5
       1
       3
       7
       4
       5
       2
       4
       2
       5
       1
       3
       4
       5
       4
       1
       2
       6
       4
       5
       7
       5
       5
      10
       2
       2
       9
       3
       8
       9
       1
       2
       3
       5
       3
       4
       3
       3
       2
       4
       9
       3
       2
       5
       1
       2
       4
       6
       4
       3
       7
       6
       1
       4
       2
       8
       6
       3
       3
       6
       6
       7
       6
       4
       2
       6
       4
       4
       4
       1
       2
       2
       8
       6
       0
       5
       5
       3
       7
       1
       8
       4
       2
       4
       4
       3
       3
       3
       3
       5
       6
       2
       5
       2
       5
       7
       5
       4
       6
       5
       1
       2
       5
       3
       2
       3
       6
       4
       6
       6
       3
       3
       3
       0
       3
       0
       5
       3
       4
       5
       8
       7
       1
       3
       4
       0
       5
       4
       7
       3
       7
       4
       2
       0
       5
       5
       4
       5
       2
       3
       7
       3
       1
       6
       3
       7
       3
       4
       4
       4
       3
       4
       0
       3
       6
       0
       5
       3
       3
       3
       4
       3
       4
       6
       2
      11
       7
       5
       1
       1
       1
       3
       4
       2
       4
       0
       2
       3
       3
       6
       4
       6
       4
       2
       4
       5
       1
       1
       3
       3
       2
       1
       2
       3
       2
       2
       6
       4
       2
       6
       3
       1
       4
       4
       4
       3
       2
       6
       3
       4
       2
       4
       2
       6
       6
       6
       3
       4
       5
       5
       8
       6
       4
       3
       3
       0
       5
       2
       5
       3
       2
       1
       2
       2
       4
       2
       5
       2
       4
       3
       5
       1
       2
       5
       2
       5
       5
       6
       6
       5
       1
       1
       9
       3
       4
       5
       2
       4
       4
       3
       3
       7
       2
       4
       5
       6
       1
       3
       8
       5
       3
       4
       5
       6
       5
       3
       3
       4
       4
       2
       4
       1
       3
       2
       2
       4
       3
       7
       2
       4
       3
       2
       2
       4
       2
       6
       2
       4
       3
       2
       2
       7
       2
       3
       1
       4
       3
       3
       2
       3
       2
       2
       7
       1
       2
       3
       4
       2
       3
       5
       4
       3
       6
       3
       5
       3
       3
       5
       5
       2
       2
       2
       0
       5
       4
       2
       4
       4
       1
       4
       4
       3
       7
       6
       6
       2
       1
       3
       3
       3
       5
       3
       6
       4
       8
       4
       1
       5
       4
       3
       3
       4
       2
       1
       3
       3
       4
       3
       4
       5
       4
       5
       4
       2
       1
       0
       1
       6
       6
       5
       5
       2
       2
       4
       1
       5
       4
       4
       3
       3
       3
       1
       5
       3
       5
       0
       2
       5
       0
       0
       1
       5
       4
       4
       2
       3
       6
       4
       5
       3
       9
       4
       2
       1
       4
       3
       3
       2
       7
       5
       2
       3
       5
       4
       2
       7
       4
       3
       2
       5
       4
       3
       3
       1
       3
       1
       2
       6
       7
       4
       3
       3
       5
       4
       6
       5
       3
       2
       1
       4
       5
       1
       4
       1
       6
       4
       4
       0
       4
       4
       1
       3
       1
       4
       2
       1
       4
       2
       3
       3
       4
       3
       2
       3
       2
       5
       2
       3
       6
       2
       2
       2
       4
       6
       3
       6
       4
       2
       2
       6
       4
       3
       8
       7
       2
       2
       2
       3
       4
       1
       1
       2
       2
       6
       2
       5
       2
       0
       3
       1
       2
       1
       0
       3
       1
       4
       3
       7
       0
       4
       4
       2
       1
       0
       9
       4
       3
       5
       4
       3
       2
       3
       2
       3
       8
       3
       4
       3
       2
       2
       3
       2
       3
       4
       6
       2
       3
       2
       0
       1
       5
       5
       2
       3
       7
       4
       2
       2
       3
       7
       3
       4
       3
       3
       6
       9
       2
       2
       3
       5
       2
       2
       3
       0
       4
       5
       2
       5
       3
       4
       2
       2
       5
       1
       5
       1
       1
       1
       1
       4
       2
       2
       4
       3
       6
       2
       3
       3
       0
       2
       2
       2
       3
       4
       4
       4
       1
       4
       1
       2
       4
       3
       5
       4
       1
       2
       1
       4
       2
       4
       6
       4
       8
       4
       3
       2
       3
       1
       1
       4
       2
       3
       2
       4
       2
       4
       5
       4
       5
       1
       3
       4
       1
       7
       2
       1
       5
       4
       6
       1
       4
       4
       6
       1
       1
       5
       0
       4
       3
       3
       1
       2
       2
       3
       2
       1
       4
       1
       3
       4
       5
       5
       2
       1
       1
       2
       0
       4
       5
       1
       6
       2
       0
       3
       1
       2
       1
       4
       3
       4
       3
       8
       1
       3
       5
       3
       2
       1
       4
       3
       6
       5
       1
       3
       0
       5
       1
       1
       4
       2
       3
       0
       3
       5
       3
       3
       4
       3
       6
       2
       4
       2
       4
       4
       4
       1
       1
       4
       0
       2
       6
       3
       3
       0
       4
       3
       2
       3
       6
       1
       5
       1
       6
       2
       6
       2
       1
       2
       2
       4
       3
       3
       4
       1
       2
       2
       2
       4
       0
       0
       3
       6
       3
       3
       1
       2
       6
       3
       3
       2
       3
       1
       4
       0
       2
       3
       3
       2
       1
       0
       5
       4
       2
       3
       2
       3
       2
       6
       6
       6
       1
       1
       3
       5
       2
       2
       2
       3
       2
       2
       4
       1
       4
       3
       4
       5
       4
       3
       1
       2
       1
       3
       5
       2
       0
       2
       3
       2
       2
       7
       4
       4
       2
       3
       0
       5
       4
       2
       5
       3
       3
       3
       2
       1
       1
       3
       1
       2
       3
       4
       3
       5
       3
       2
       2
       1
       2
       3
       4
       6
       4
       3
       4
       3
       3
       2
       4
       5
       3
       6
       5
       5
       0
       4
       5
       3
       5
       3
       3
       4
       6
       4
       5
       0
       7
       2
       7
       6
       8
       3
       7
       3
       5
       4
       2
       3
       4
       3
       2
       6
       1
       1
       4
       6
       3
       5
       3
       0
       1
       4
       4
       2
       7
       4
       5
       3
       2
       7
       4
       6
       5
       2
       2
       2
       1
       4
       4
       1
       0
       1
       4
       5
       1
       2
       3
       0
       3
       5
       3
       1
       2
       1
       3
       3
       2
       2
       1
       2
       5
       4
       4
       1
       4
       6
       4
       4
       3
       7
       3
       9
       3
       3
       6
       2
       3
       4
       3
       3
       3
       3
       1
       7
       6
       3
       7
       4
       2
       4
       1
       3
       4
       5
       6
       3
       4
       4
       6
       2
       5
       3
       2
       3
       3
       2
      10
       2
       3
       1
       2
       4
       5
       6
       4
       8
       7
       6
       4
       4
       3
       4
       4
       4
       3
       1
       1
       2
       4
       4
       3
       4
       6
       2
       4
       5
       1
       4
       5
       3
       7
       3
       2
       2
       3
       4
       3
       7
       2
       4
       5
       6
       5
       3
       6
       6
       4
       4
       2
       2
       3
       3
       4
       4
       2
       3
       5
       3
       4
       5
       2
       6
       3
       0
       2
       4
       3
       5
       6
       4
       9
       5
       2
       3
       5
       1
       4
       5
       4
       4
       4
       6
       5
       4
       2
       6
       7
       6
       2
       4
       6
       3
       5
       3
       3
       2
       4
       6
       2
       6
       1
       3
       8
       7
       3
       5
       2
       2
       1
       3
       1
       3
       5
       4
       2
       2
       6
       2
       1
       6
       6
       5
       7
       2
       6
       1
       3
       1
       2
       4
       2
       5
       4
       2
       1
       2
       6
       0
       3
       4
       5
       4
       1
       2
       5
       3
       2
       3
       3
       3
       2
       3
       4
       2
       5
       4
       3
       4
       5
       2
       2
       1
       4
       3
       3
       2
       2
       3
       7
       6
       3
       5
       4
       3
       5
       1
       8
       4
       0
       3
       4
       4
       8
       2
       3
       1
       2
       0
       3
       3
       2
       1
       0
       7
       6
       3
       6
       1
       2
       3
       3
       1
       4
       2
       2
       2
       2
       1
       6
       3
       3
       2
       3
       2
       3
       5
       0
       1
       6
       2
       2
       4
       3
       2
       1
       2
       0
       6
       2
       5
       5
       3
       3
       4
       2
       1
       4
       1
       1
       5
       3
       3
       2
       2
       1
       2
       1
       1
       3
       2
       4
       1
       5
       0
       3
       1
       3
       2
       2
       5
       3
       3
       2
       3
       2
       6
       2
       0
       3
       2
       6
       6
       2
       3
       1
       2
       5
       3
       4
       3
       2
       3
       4
       2
       0
       4
       1
       5
       3
       1
       3
       1
       0
       7
       5
       4
       4
       0
       0
       9
       4
       2
       1
       7
       2
       1
       2
       1
       2
       3
       5
       2
       2
       3
       2
       3
       3
       1
       2
       1
       1
       4
       3
       1
       3
       0
       2
       1
       2
       2
       5
       3
       1
       0
       3
       5
       3
       2
       1
       5
       2
       6
       2
       8
       2
       7
       5
       2
       3
       1
       5
       3
       5
       6
       2
       3
       0
       1
       2
       4
       6
       3
       1
       4
       1
       2
       2
       1
       6
       7
       3
       1
       2
       0
       4
       2
       3
       4
       2
       3
       3
       2
       1
       1
       1
       4
       7
       2
       2
       2
       4
       3
       4
       0
       0
       2
       2
       1
       2
       2
       3
       1
       5
       5
       1
       2
       3
       1
       0
       3
       1
       0
       5
       2
       1
       1
       5
       2
       2
       4
       2
       1
       2
       2
       2
       2
       3
       1
       2
       3
       3
       3
       1
       2
       0
       3
       2
       1
       2
       3
       1
       1
       2
       2
       2
       2
       4
       1
       2
       0
       2
       3
       1
       2
       2
       1
       3
       0
       3
       4
       4
       0
       2
       4
       2
       2
       1
       2
       1
       2
       4
       3
       3
       4
       3
       4
       2
       0
       4
       5
       3
       3
       2
       4
       1
       1
       3
       1
       1
       1
       2
       6
       3
       2
       0
       1
       5
       1
       3
       1
       3
       2
       1
       4
       2
       3
       3
       1
       3
       2
       0
       1
       1
       1
       2
       5
       1
       4
       2
       0
       2
       0
       5
       1
       1
       4
       1
       3
       1
       3
       3
       5
       5
       2
       1
       4
       3
       3
       6
       1
       1
       1
       2
       1
       4
       1
       1
       3
       2
       2
       4
       1
       1
       2
       0
       0
       1
       3
       6
       1
       1
       0
       4
       3
       2
       3
       1
       2
       0
       1
       2
       2
       2
       1
       2
       2
       2
       2
       4
       5
       4
       4
       2
       3
       5
       1
       3
       2
       1
       1
       3
       2
       4
       0
       2
       2
       1
       5
       1
       4
       3
       1
       5
       3
       1
       2
       2
       4
       2
       4
       2
       7
       2
       2
       3
       2
       0
       2
       3
       2
       1
       2
       1
       0
       1
       2
       0
       1
       0
       0
       3
       1
       4
       0
       2
       4
       0
       2
       1
       4
       1
       2
       1
       2
       3
       1
       2
       2
       1
       2
       3
       5
       5
       2
       1
       2
       4
       2
       1
       4
       4
       1
       3
       2
       4
       2
       1
       3
       1
       5
       2
       4
       0
       2
       0
       2
       2
       1
       3
       1
       1
       1
       5
       1
       4
       4
       1
       3
       3
       4
       2
       2
       0
       0
       1
       1
       3
       5
       6
       2
       2
       3
       4
       2
       2
       1
       3
       3
       3
       3
       3
       4
       4
       0
       2
       3
       6
       5
       2
       2
       6
       1
       1
       3
       2
       4
       2
       3
       3
       2
       2
       3
       5
       5
       4
       3
       3
       2
       2
       2
       3
       1
       2
       5
       4
       2
       3
       1
       4
       4
       1
       4
       1
       3
       4
       6
       2
       4
       4
       2
       2
       1
       2
       3
       5
       1
       1
       2
       3
       6
       3
       7
       4
       3
       1
       0
       2
       2
       2
       3
       1
       4
       2
       2
       0
       2
       4
       4
       5
       2
       3
       4
       2
       3
       4
       3
       6
       1
       2
       1
       1
       2
       4
       4
       3
       2
       2
       6
       1
       1
       3
       1
       2
       3
       2
       4
       3
       2
       2
       2
       2
       3
       4
       5
       4
       3
       2
       2
       4
       3
       3
       2
       1
       6
       4
       2
       2
       2
       4
       6
       3
       3
       5
       3
       2
       3
       0
       2
       4
       2
       4
       2
       4
       5
       2
       2
       2
       4
       1
       1
       3
       3
       2
       1
       1
       6
       2
       2
       0
       2
       1
       2
       4
       2
       4
       4
       2
       3
       1
       5
       1
       1
       3
       3
       3
       1
       1
       2
       0
       2
       4
       4
       0
       2
       8
       2
       2
       4
       4
       2
       3
       4
       5
       6
       3
       4
       3
       1
       1
       1
       3
       2
       1
       3
       4
       3
       5
       2
       3
       2
       2
       3
       0
       2
       4
       5
       0
       3
       2
       2
       3
       7
       4
       3
       2
       0
       1
       1
       3
       2
       4
       1
       4
       1
       3
       4
       1
       2
       3
       3
       1
       1
       3
       4
       2
       2
       1
       3
       3
       1
       1
       0
       3
       5
       2
       4
       3
       3
       2
       6
       3
       2
       2
       1
       4
       1
       1
       0
       1
       4
       5
       2
       0
       4
       7
       2
       3
       0
       3
       2
       2
       3
       3
       3
       2
       1
       0
       4
       2
       3
       3
       2
       4
       4
       2
       5
       2
       3
       5
       0
       1
       4
       2
       8
       2
       2
       4
       2
       0
       5
       2
       1
       0
       0
       2
       1
       5
       0
       4
       2
       6
       1
       1
       0
       2
       2
       3
       2
       3
       3
       4
       7
       4
       3
       2
       1
       4
       2
       6
       5
       1
       2
       0
       2
       2
       3
       3
       1
       0
       2
       3
       3
       2
       1
       3
       3
       1
       4
       2
       5
       3
       3
       2
       5
       3
       1
       3
       5
       3
       4
       2
       3
       4
       3
       3
       1
       9
       6
       4
       1
       4
       4
       2
       3
       0
       2
       2
       2
       1
       1
       4
       3
       1
       0
       5
       3
       8
       4
       2
       5
       0
       6
       2
       1
       1
       2
       3
       1
       2
       5
       1
       1
       1
       4
       2
       2
       2
       3
       2
       0
       2
       5
       4
       4
       2
       5
       3
       4
       1
       5
       5
       2
       0
       4
       1
       2
       3
       2
       5
       1
       4
       4
       0
       5
       2
       3
       1
       4
       2
       1
       3
       3
       2
       2
       3
       2
       4
       1
       3
       6
       3
       0
       5
       1
       3
       5
       1
       1
       1
       4
       2
       2
       1
       3
       3
       7
       4
       4
       3
       4
       0
       4
       3
       2
       4
       1
       2
       0
       2
       0
       4
       9
       1
       3
       3
       3
       2
       3
       5
       5
       0
       2
       4
       2
       2
       1
       3
       1
       2
       4
       4
       3
       4
       1
       4
       3
       0
       4
       6
       2
       2
       3
       3
       2
       2
       6
       3
       2
       1
       4
       3
       5
       4
       3
       1
       2
       0
       2
       1
       2
       1
       2
       3
       0
       3
       3
       4
       4
       1
       2
       1
       3
       5
       0
       2
       2
       5
       1
       5
       1
       2
       1
       2
       2
       2
       1
       1
       1
       3
       4
       2
       3
       4
       5
       3
       1
       0
       1
       4
       0
       1
       7
       6
       0
       2
       0
       2
       2
       1
       2
       2
       0
       0
       3
       3
       0
       2
       3
       4
       3
       3
       0
       2
       1
       4
       3
       3
       1
       0
       3
       3
       2
       2
       2
       1
       0
       1
       1
       2
       5
       1
       1
       0
       1
       3
       2
       1
       0
       0
       4
       3
       0
       2
       4
       3
       2
       0
       3
       2
       3
       2
       0
       3
       3
       3
       1
       0
       3
       3
       3
       6
       3
       3
       1
       0
       1
       3
       1
       0
       3
       2
       4
       0
       4
       0
       2
       2
       0
       3
       2
       3
       1
       0
       1
       1
       4
       1
       2
       0
       1
       1
       1
       3
       2
       2
       1
       1
       0
       0
       1
       5
       1
       1
       1
       5
       3
       2
       1
       3
       3
       2
       1
       1
       3
       2
       4
       1
       2
       2
       0
       1
       3
       1
       5
       2
       2
       2
       0
       2
       0
       4
       0
       0
       0
       3
       1
       0
       1
       1
       0
       0
       1
       1
       0
       1
       3
       1
       1
       1
       3
       1
       5
       2
       2
       1
       1
       2
       4
       1
       1
       2
       3
       2
       3
       1
       2
       0
       2
       1
       1
       2
       1
       0
       4
       1
       3
       0
       3
       1
       1
       2
       3
       2
       1
       2
       0
       3
       4
       3
       1
       1
       0
       3
       1
       3
       3
       4
       3
       2
       0
       0
       0
       1
       2
       2
       4
       2
       1
       3
       0
       1
       1
       2
       0
       2
       2
       1
       1
       3
       0
       1
       2
       1
       0
       2
       2
       3
       1
       1
       5
       2
       2
       1
       5
       1
       1
       3
       5
       1
       1
       2
       1
       1
       1
       1
       5
       5
       3
       0
       2
       1
       1
       2
       3
       2
       4
       1
       1
       0
       1
       2
       3
       4
       2
       2
       3
       0
       2
       1
       1
       3
       2
       1
       1
       1
       1
       2
       2
       2
       0
       1
       0
       0
       2
       2
       2
       2
       0
       5
       3
       1
       3
       3
       4
       3
       3
       0
       1
       0
       1
       1
       0
       1
       0
       1
       1
       0
       2
       2
       3
       1
       3
       5
       2
       3
       1
       2
       1
       3
       0
       5
       1
       3
       2
       1
       2
       1
       2
       2
       0
       4
       1
       1
       1
       0
       5
       1
       1
       3
       1
       2
       0
       2
       2
       1
       5
       0
       1
       0
       1
       1
       0
       1
       3
       4
       2
       2
       2
       3
       3
       1
       0
       1
       1
       1
       1
       3
       0
       1
       3
       1
       2
       3
       1
       1
       1
       1
       0
       0
       2
       2
       1
       1
       3
       4
       0
       0
       1
       1
       0
       1
       0
       1
       2
       1
       2
       2
       3
       1
       0
       2
       0
       2
       0
       3
       3
       0
       0
       3
       4
       4
       2
       3
       2
       2
       2
       5
       2
       2
       0
       0
       2
       2
       4
       1
       4
       2
       2
       0
       2
       2
       2
       1
       2
       1
       1
       1
       1
       2
       0
       0
       2
       1
       3
       1
       0
       1
       4
       1
       3
       0
       1
       1
       1
       2
       0
       2
       3
       1
       4
       1
       1
       3
       0
       1
       2
       1
       1
       1
       2
       3
       3
       1
       0
       2
       5
       1
       1
       1
       2
       1
       2
       0
       1
       3
       1
       0
       1
       2
       1
       1
       0
       3
       2
       1
       1
       1
       0
       2
       3
       3
       3
       2
       2
       1
       2
       1
       0
       5
       1
       2
       0
       2
       2
       2
       5
       3
       1
       3
       2
       2
       1
       2
       2
       3
       3
       4
       1
       2
       3
       0
       1
       1
       0
       2
       1
       2
       0
       5
       1
       2
       3
       2
       3
       1
       5
       1
       2
       2
       3
       0
       0
       0
       0
       1
       2
       2
       0
       1
       2
       2
       1
       0
       0
       2
       1
       2
       1
       0
       1
       1
       0
       1
       2
       2
       2
       4
       4
       2
       0
       3
       2
       1
       1
       1
       1
       2
       1
       1
       1
       2
       2
       1
       1
       0
       2
       2
       1
       1
       0
       0
       2
       2
       1
       1
       3
       1
       3
       3
       0
       1
       2
       3
       3
       1
       0
       0
       1
       1
       0
       1
       5
       1
       2
       0
       1
       3
       1
       3
       2
       0
       3
       2
       0
       2
       2
       0
       2
       1
       1
       2
       2
       1
       0
       1
       2
       4
       1
       3
       0
       2
       3
       0
       3
       1
       2
       0
       3
       1
       3
       1
       1
       3
       1
       0
       2
       2
       3
       1
       2
       3
       0
       1
       0
       1
       3
       0
       2
       2
       4
       1
       2
       3
       0
       1
       2
       2
       1
       1
       3
       2
       2
       2
       2
       0
       3
       0
       1
       1
       1
       0
       2
       0
       1
       1
       3
       1
       1
       6
       0
       4
       0
       1
       3
       1
       1
       2
       2
       2
       0
       0
       0
       1
       1
       2
       1
       1
       2
       2
       2
       1
       2
       2
       1
       1
       0
       3
       0
       1
       1
       3
       0
       2
       0
       1
       2
       1
       4
       2
       0
       1
       1
       2
       3
       2
       2
       2
       0
       4
       1
       2
       4
       0
       1
       1
       3
       1
       3
       1
       0
       0
       3
       1
       0
       3
       1
       3
       1
       0
       0
       0
       1
       0
       0
       0
       2
       2
       3
       0
       0
       2
       1
       1
       0
       2
       1
       1
       3
       2
       3
       1
       2
       3
       3
       1
       1
       1
       2
       2
       1
       2
       3
       1
       2
       1
       3
       0
       2
       2
       1
       0
       2
       0
       1
       1
       3
       2
       1
       1
       3
       3
       2
       0
       1
       3
       2
       2
       1
       1
       2
       2
       2
       0
       2
       1
       0
       0
       0
       2
       1
       0
       0
       1
       3
       0
       6
       0
       0
       1
       2
       1
       1
       1
       0
       1
       0
       3
       3
       1
       1
       0
       1
       2
       5
       0
       2
       3
       2
       0
       1
       1
       3
       2
       2
       4
       1
       1
       3
       3
       0
       1
       1
       6
       1
       0
       0
       3
       1
       1
       1
       0
       3
       1
       0
       2
       1
       5
       2
       2
       0
       2
       1
       1
       1
       1
       1
       3
       3
       3
       1
       1
       1
       1
       0
       4
       1
       1
       0
       0
       1
       2
       1
       1
       0
       1
       1
       2
       2
       0
       1
       2
       1
       2
       1
       1
       2
       2
       0
       0
       1
       5
       2
       0
       2
       1
       3
       2
       0
       2
       1
       3
       3
       4
       2
       4
       1
       0
       3
       0
       1
       2
       4
       1
       0
       1
       1
       2
       0
       3
       2
       1
       0
       2
       1
       2
       1
       0
       0
       2
       1
       0
       1
       0
       4
       2
       0
       3
       2
       5
       0
       1
       0
       2
       3
       2
       3
       1
       2
       0
       2
       4
       1
       2
       3
       1
       1
       0
       2
       1
       2
       1
       2
       2
       0
       2
       0
       3
       0
       2
       2
       0
       1
       1
       3
       0
       0
       1
       2
       1
       2
       1
       0
       0
       0
       1
       0
       0
       2
       4
       1
       1
       1
       1
       1
       1
       1
       0
       4
       3
       1
       2
       2
       2
       1
       1
       0
       1
       2
       0
       1
       1
       2
       1
       3
       3
       3
       1
       2
       3
       1
       2
       1
       1
       0
       1
       0
       0
       1
       1
       1
       2
       1
       0
       2
       3
       2
       0
       1
       1
       4
       3
       1
       3
       1
       0
       2
       3
       2
       0
       3
       3
       1
       0
       1
       2
       0
       0
       1
       1
       1
       4
       0
       2
       1
       3
       1
       2
       1
       0
       2
       2
       3
       0
       4
       2
       1
       1
       2
       0
       0
       3
       1
       0
       1
       2
       2
       0
       1
       4
       2
       1
       1
       2
       1
       1
       1
       1
       1
       1
       2
       0
       4
       0
       1
       2
       2
       1
       1
       2
       0
       1
       1
       2
       2
       1
       0
       2
       1
       1
       4
       1
       2
       2
       1
       1
       0
       1
       0
       1
       2
       0
       0
       3
       0
       3
       0
       2
       1
       2
       2
       2
       0
       0
       2
       0
       0
       0
       2
       1
       2
       3
       2
       3
       0
       1
       0
       0
       0
       0
       0
       0
       0
       0
       0
       0
       0
       0
       0
       0
       0
       0
       0
       0
       0
       0
       0
       0
       0
       0
       0
       0
       0
       0
       0
       0
       0
       0
       0
       0
       0
       0
       0
       0
       0
       0
       0
       0
       0
       0
       0
       0
       0
       0
       0
       0
       0
       0
       0
       0
       0
       0
       0
       0
       0
       0
       0
       0
       0
       0
       0
       0
       0
       0
       0
       0
       0
       0
       0
       0
       0
       0
       0
       0
       0
       0
       0
       0
       0
       0
       0
       0
       0
       0
       0
       0
       0
       0
       0
       0
       0
       0
       0
       0
       0
       0
       0
       0
       0
       0
       0
       0
       0
       0
       0
       0
       0
       0
       0
       0
       0
       0
       0
       0
       0
       0
       0
       0
       0
       0
       0
       0
       0
       0
$ROI:
0
$PRESETS:
None
0
0
$ENER_FIT:
9.774222 0.090718
$MCA_CAL:
3
9.774222E+000 9.071762E-002 -8.949190E-008 keV
$SHAPE_CAL:
3
0.000000E+000 0.000000E+000 0.000000E+000
