$SPEC_ID:
Cesio_23_maggio
$SPEC_REM:
DET# 9
DETDESC# COMPTON
AP# Maestro Version 7.01
$DATE_MEA:
03/28/2018 16:49:06
$MEAS_TIM:
609 617
$DATA:
0 8191
       0
       0
       0
       0
       0
       0
       0
       0
       0
       0
       0
       0
       0
       0
       0
       0
       0
       0
       0
       0
       0
       0
       0
       0
       0
       0
       0
       0
       0
       0
       0
       0
       0
       0
       0
       0
       0
       0
       0
       0
       0
       0
       0
       0
       0
       0
       0
       0
       0
       0
       0
       0
       0
       0
       0
       0
       0
       0
       0
       0
       1
       2
       0
       0
       0
       0
       2
       8
      21
      20
      28
      26
      20
      20
      20
      20
      32
      21
      24
      21
      25
      24
      17
      19
      30
      19
      21
      18
      21
      25
      27
      27
      39
      25
      25
      30
      29
      19
      23
      19
      23
      24
      22
      26
      27
      18
      30
      26
      26
      28
      26
      31
      28
      20
      28
      26
      21
      30
      28
      28
      26
      21
      39
      28
      26
      22
      20
      22
      21
      29
      25
      23
      20
      20
      21
      18
      29
      24
      27
      26
      31
      25
      23
      31
      21
      27
      25
      21
      32
      25
      27
      23
      21
      23
      22
      20
      27
      24
      28
      28
      23
      35
      32
      19
      31
      33
      30
      32
      34
      30
      22
      18
      26
      30
      29
      34
      20
      21
      32
      28
      29
      26
      31
      36
      23
      30
      26
      25
      43
      22
      22
      29
      35
      22
      30
      29
      32
      27
      26
      38
      23
      32
      37
      31
      30
      32
      30
      27
      26
      37
      29
      32
      32
      25
      45
      33
      35
      35
      42
      26
      40
      39
      38
      34
      34
      43
      35
      45
      37
      37
      38
      50
      43
      43
      36
      42
      48
      47
      49
      45
      59
      42
      59
      53
      47
      55
      52
      61
      52
      60
      63
      70
      68
      74
      71
      78
      74
      83
      83
     108
      93
     100
      92
     104
     122
     109
     102
     112
     119
     126
     107
     104
     110
     129
     126
     155
     150
     137
     151
     140
     148
     130
     137
     129
     139
     137
     139
     163
     137
     144
     123
     149
     155
     147
     147
     164
     148
     138
     163
     156
     145
     147
     138
     138
     153
     128
     115
     143
     151
     126
     118
     145
     113
     122
     134
     125
     133
     116
     118
     113
     120
     117
     118
     112
     105
      96
      97
     112
     110
     106
     113
      88
     101
      79
      91
      87
      90
      98
      77
      95
      79
      81
      84
      72
      97
      69
      76
      67
      75
      74
      65
      72
      61
      74
      65
      59
      61
      61
      57
      49
      71
      61
      66
      47
      59
      56
      55
      41
      52
      59
      51
      69
      53
      49
      41
      54
      49
      47
      43
      42
      50
      41
      50
      33
      43
      32
      32
      28
      37
      43
      30
      29
      31
      29
      27
      33
      42
      27
      20
      39
      29
      29
      35
      31
      28
      30
      28
      26
      24
      26
      23
      26
      26
      26
      35
      23
      14
      20
      28
      25
      29
      21
      19
      25
      20
      23
      26
      32
      19
      29
      30
      20
      33
      27
      36
      26
      24
      17
      22
      25
      19
      28
      26
      22
      28
      20
      25
      26
      21
      24
      17
      25
      25
      29
      33
      29
      33
      17
      26
      19
      18
      19
      23
      30
      16
      27
      19
      20
      25
      25
      27
      23
      26
      28
      28
      27
      19
      17
      24
      12
      24
      30
      28
      29
      31
      28
      27
      23
      19
      23
      19
      30
      33
      20
      17
      15
      26
      27
      23
      22
      26
      31
      27
      18
      29
      17
      26
      11
      26
      24
      23
      24
      28
      19
      20
      22
      22
      27
      24
      37
      28
      25
      20
      20
      30
      26
      21
      28
      31
      33
      28
      21
      23
      32
      23
      24
      20
      16
      25
      32
      23
      17
      26
      22
      32
      28
      27
      26
      28
      21
      27
      17
      23
      34
      23
      17
      28
      26
      20
      25
      37
      30
      23
      34
      33
      23
      22
      37
      22
      22
      23
      29
      31
      18
      39
      31
      29
      29
      21
      22
      34
      17
      35
      32
      33
      28
      32
      34
      27
      31
      24
      34
      32
      26
      29
      30
      24
      25
      36
      20
      28
      36
      29
      26
      33
      28
      20
      24
      31
      26
      24
      32
      27
      23
      28
      32
      28
      31
      22
      35
      35
      32
      26
      27
      26
      30
      30
      30
      28
      39
      39
      23
      24
      23
      34
      31
      28
      42
      30
      30
      29
      31
      24
      42
      25
      25
      24
      24
      37
      36
      29
      32
      32
      30
      37
      29
      37
      28
      34
      34
      43
      35
      49
      37
      44
      37
      28
      45
      41
      34
      31
      33
      39
      40
      48
      41
      33
      34
      39
      34
      45
      37
      36
      42
      52
      36
      45
      61
      47
      50
      54
      48
      51
      48
      59
      56
      62
      53
      49
      61
      59
      46
      58
      49
      48
      62
      68
      52
      68
      75
      54
      62
      68
      62
      44
      54
      54
      71
      62
      76
      64
      56
      76
      84
      67
      62
      70
      63
      72
      62
      58
      51
      83
      78
      95
      91
      70
      69
      66
      69
      73
      64
      58
      75
      72
      75
      79
      64
      76
      58
      64
      62
      80
      82
      87
      53
      74
      65
      62
      69
      59
      63
      73
      81
      69
      65
      64
      71
      67
      64
      64
      79
      77
      50
      57
      60
      57
      43
      48
      63
      63
      72
      59
      63
      50
      56
      61
      50
      42
      40
      57
      51
      61
      66
      57
      55
      45
      56
      54
      50
      56
      49
      49
      52
      46
      57
      64
      48
      38
      45
      52
      45
      44
      40
      47
      53
      37
      41
      49
      58
      46
      33
      43
      43
      52
      43
      42
      40
      45
      37
      55
      41
      40
      41
      44
      40
      39
      49
      35
      44
      36
      47
      47
      48
      56
      47
      60
      49
      46
      44
      42
      52
      46
      39
      38
      42
      44
      42
      52
      39
      44
      26
      49
      52
      38
      45
      50
      35
      31
      38
      44
      38
      38
      45
      43
      51
      50
      41
      38
      37
      33
      48
      48
      40
      36
      41
      43
      34
      35
      42
      49
      50
      31
      40
      36
      47
      50
      34
      50
      34
      41
      26
      41
      38
      43
      30
      39
      33
      32
      46
      33
      48
      33
      32
      31
      34
      40
      24
      37
      27
      42
      32
      34
      33
      37
      27
      32
      36
      37
      39
      36
      25
      42
      26
      37
      34
      35
      34
      38
      34
      36
      27
      28
      27
      37
      35
      36
      26
      32
      32
      34
      46
      28
      28
      36
      28
      28
      28
      36
      33
      23
      29
      29
      40
      38
      25
      37
      39
      22
      35
      34
      30
      21
      17
      34
      30
      20
      36
      24
      36
      25
      37
      34
      32
      29
      22
      24
      19
      28
      25
      27
      27
      20
      33
      31
      23
      33
      27
      25
      28
      37
      37
      24
      25
      41
      19
      26
      36
      24
      17
      28
      27
      29
      26
      21
      27
      26
      25
      23
      33
      33
      29
      29
      31
      31
      41
      25
      27
      22
      26
      30
      30
      24
      28
      25
      34
      27
      21
      38
      31
      32
      29
      24
      17
      29
      20
      33
      21
      30
      29
      29
      16
      23
      18
      41
      26
      19
      36
      34
      38
      28
      27
      24
      25
      29
      27
      31
      32
      31
      39
      19
      38
      23
      30
      33
      22
      27
      28
      29
      36
      30
      23
      23
      23
      28
      36
      25
      25
      34
      28
      20
      25
      31
      24
      24
      31
      41
      29
      33
      38
      17
      24
      30
      33
      31
      23
      30
      28
      34
      22
      23
      32
      32
      31
      40
      30
      28
      32
      19
      30
      21
      22
      33
      30
      26
      34
      28
      26
      29
      30
      23
      36
      40
      32
      31
      32
      25
      34
      27
      33
      33
      29
      29
      22
      29
      40
      31
      24
      30
      32
      29
      32
      40
      30
      44
      36
      28
      22
      17
      31
      26
      15
      27
      28
      32
      23
      27
      39
      32
      38
      25
      26
      31
      36
      32
      30
      35
      23
      34
      28
      38
      26
      24
      35
      27
      19
      30
      24
      26
      29
      30
      29
      24
      28
      38
      30
      35
      24
      37
      33
      34
      29
      30
      28
      30
      37
      28
      31
      36
      28
      28
      31
      37
      31
      26
      29
      35
      26
      28
      36
      31
      38
      24
      26
      34
      23
      32
      24
      22
      36
      28
      34
      37
      28
      31
      21
      31
      35
      33
      32
      36
      30
      34
      34
      30
      40
      31
      28
      33
      28
      32
      30
      21
      34
      23
      35
      25
      34
      28
      33
      25
      35
      42
      34
      22
      35
      28
      40
      27
      24
      35
      35
      33
      38
      31
      38
      30
      24
      27
      49
      37
      36
      36
      25
      30
      31
      37
      32
      33
      30
      24
      31
      23
      36
      26
      47
      26
      36
      20
      32
      26
      26
      24
      20
      19
      31
      36
      29
      21
      31
      26
      32
      24
      31
      30
      28
      39
      23
      32
      36
      29
      31
      39
      31
      38
      40
      32
      28
      40
      26
      38
      31
      36
      33
      38
      26
      32
      39
      33
      36
      40
      32
      31
      34
      22
      38
      29
      40
      29
      29
      16
      32
      35
      35
      31
      31
      33
      31
      22
      27
      30
      26
      26
      34
      24
      33
      36
      22
      35
      30
      42
      21
      29
      20
      29
      28
      28
      27
      34
      23
      28
      33
      36
      33
      31
      15
      27
      35
      41
      37
      31
      26
      32
      28
      39
      35
      39
      32
      33
      34
      30
      23
      20
      35
      33
      38
      39
      35
      29
      29
      29
      24
      24
      32
      30
      33
      34
      30
      36
      36
      29
      36
      30
      26
      38
      24
      28
      33
      20
      31
      23
      26
      39
      27
      34
      35
      23
      39
      24
      25
      32
      27
      31
      29
      26
      31
      20
      35
      30
      34
      27
      32
      26
      19
      22
      28
      35
      34
      30
      30
      29
      32
      30
      34
      39
      22
      34
      18
      34
      35
      17
      23
      31
      29
      31
      22
      28
      31
      29
      34
      38
      32
      32
      22
      25
      31
      27
      38
      29
      35
      32
      37
      31
      23
      27
      26
      34
      30
      30
      23
      24
      30
      37
      26
      32
      24
      30
      33
      22
      34
      23
      28
      25
      25
      25
      27
      22
      22
      32
      29
      30
      35
      38
      27
      38
      35
      34
      39
      26
      26
      25
      31
      30
      26
      29
      28
      35
      27
      20
      33
      33
      32
      37
      32
      36
      29
      24
      24
      24
      31
      16
      32
      20
      40
      35
      25
      39
      38
      29
      18
      33
      23
      28
      29
      32
      40
      28
      34
      23
      31
      25
      35
      30
      27
      29
      30
      33
      27
      26
      21
      39
      32
      25
      39
      35
      28
      30
      23
      29
      37
      24
      28
      24
      26
      34
      31
      37
      24
      23
      34
      33
      32
      30
      24
      28
      25
      37
      22
      28
      24
      35
      36
      24
      20
      38
      32
      21
      32
      32
      25
      39
      30
      23
      35
      17
      28
      29
      24
      32
      27
      28
      30
      34
      35
      30
      24
      22
      20
      27
      37
      31
      36
      27
      26
      26
      29
      28
      33
      33
      36
      30
      29
      25
      20
      26
      25
      26
      34
      28
      38
      27
      36
      26
      36
      28
      26
      39
      26
      31
      24
      27
      30
      42
      22
      30
      32
      33
      26
      28
      24
      27
      37
      36
      39
      30
      36
      26
      30
      28
      32
      25
      27
      30
      18
      34
      30
      46
      29
      29
      28
      21
      23
      25
      26
      33
      36
      39
      22
      16
      27
      31
      22
      22
      27
      26
      31
      24
      30
      29
      24
      22
      34
      36
      26
      25
      34
      16
      25
      29
      23
      25
      33
      28
      31
      37
      28
      32
      31
      22
      24
      27
      26
      24
      20
      22
      25
      25
      24
      28
      31
      28
      34
      26
      36
      38
      28
      28
      22
      21
      43
      25
      23
      39
      32
      32
      34
      30
      25
      27
      36
      36
      30
      28
      28
      33
      24
      17
      33
      32
      35
      31
      27
      39
      27
      40
      40
      18
      29
      24
      33
      25
      29
      29
      33
      37
      23
      32
      36
      26
      22
      25
      29
      25
      32
      24
      37
      33
      34
      26
      26
      27
      26
      24
      28
      30
      31
      35
      29
      34
      31
      29
      25
      23
      33
      29
      35
      37
      25
      27
      30
      25
      34
      37
      28
      21
      21
      26
      29
      33
      35
      26
      37
      28
      44
      34
      27
      29
      21
      44
      33
      23
      33
      40
      27
      31
      44
      29
      27
      37
      40
      31
      28
      26
      37
      31
      32
      30
      31
      31
      31
      35
      31
      30
      37
      23
      25
      31
      32
      32
      29
      22
      32
      38
      36
      29
      27
      32
      21
      35
      36
      27
      29
      30
      22
      38
      46
      23
      32
      35
      36
      26
      27
      33
      31
      32
      34
      32
      34
      19
      26
      37
      37
      37
      36
      36
      33
      29
      42
      27
      40
      33
      37
      34
      32
      24
      41
      43
      27
      35
      29
      30
      35
      27
      35
      35
      24
      29
      42
      24
      39
      32
      34
      35
      39
      33
      28
      45
      31
      39
      47
      43
      32
      41
      32
      39
      40
      31
      31
      35
      41
      45
      31
      44
      38
      30
      37
      34
      41
      29
      33
      25
      45
      49
      43
      38
      35
      31
      36
      35
      38
      40
      31
      34
      40
      29
      39
      36
      31
      33
      32
      46
      39
      43
      34
      35
      34
      29
      40
      40
      26
      46
      37
      41
      37
      42
      35
      35
      25
      37
      44
      39
      41
      44
      26
      33
      45
      37
      27
      30
      36
      45
      30
      36
      38
      32
      36
      32
      39
      37
      45
      29
      41
      43
      45
      35
      27
      32
      46
      22
      44
      36
      28
      40
      37
      42
      26
      39
      40
      25
      45
      30
      43
      37
      38
      29
      32
      41
      38
      31
      47
      38
      35
      34
      35
      32
      32
      40
      45
      34
      38
      36
      40
      55
      35
      34
      37
      41
      35
      51
      42
      36
      42
      42
      47
      35
      28
      33
      37
      33
      47
      32
      27
      49
      43
      38
      35
      38
      33
      44
      43
      34
      23
      39
      43
      30
      41
      32
      30
      42
      39
      49
      45
      41
      33
      31
      36
      45
      33
      34
      37
      39
      32
      28
      45
      40
      35
      36
      33
      39
      32
      37
      37
      28
      31
      46
      34
      26
      29
      39
      35
      37
      29
      39
      30
      43
      45
      34
      35
      35
      36
      45
      35
      29
      31
      30
      41
      35
      35
      30
      44
      34
      30
      41
      40
      35
      31
      39
      38
      25
      30
      32
      37
      33
      24
      42
      32
      29
      26
      29
      40
      29
      32
      37
      46
      36
      35
      34
      30
      23
      45
      36
      46
      34
      21
      38
      32
      32
      36
      32
      23
      27
      33
      27
      28
      36
      32
      27
      36
      32
      39
      36
      29
      30
      26
      37
      31
      30
      37
      29
      29
      39
      40
      29
      38
      41
      32
      35
      33
      32
      27
      41
      46
      36
      37
      36
      28
      29
      37
      31
      40
      29
      28
      41
      26
      39
      28
      30
      35
      30
      38
      40
      34
      39
      34
      35
      30
      35
      35
      27
      33
      24
      44
      38
      31
      25
      44
      33
      23
      25
      40
      35
      29
      35
      34
      31
      23
      30
      34
      20
      42
      20
      31
      23
      46
      25
      29
      31
      30
      25
      32
      37
      27
      43
      29
      28
      30
      26
      31
      36
      24
      38
      34
      42
      32
      39
      19
      23
      38
      28
      31
      32
      30
      32
      33
      38
      34
      30
      21
      36
      31
      31
      30
      31
      22
      38
      25
      28
      33
      38
      28
      29
      36
      22
      37
      31
      23
      29
      37
      25
      30
      33
      30
      46
      29
      29
      20
      29
      36
      32
      49
      32
      27
      29
      11
      27
      30
      32
      36
      25
      32
      29
      37
      35
      25
      16
      23
      31
      28
      25
      26
      28
      30
      34
      30
      17
      23
      18
      41
      34
      37
      29
      23
      30
      30
      32
      29
      32
      30
      21
      28
      28
      26
      34
      30
      26
      28
      25
      31
      41
      34
      23
      36
      27
      35
      26
      33
      47
      35
      30
      27
      34
      34
      25
      29
      25
      29
      31
      28
      32
      28
      33
      37
      35
      32
      26
      26
      32
      36
      35
      41
      29
      36
      28
      38
      37
      28
      23
      30
      24
      31
      27
      40
      29
      30
      34
      20
      23
      26
      33
      30
      23
      25
      28
      34
      33
      42
      35
      30
      27
      34
      21
      35
      35
      26
      31
      30
      32
      28
      32
      31
      32
      30
      35
      32
      28
      22
      33
      28
      24
      20
      24
      32
      45
      27
      30
      26
      36
      31
      30
      32
      24
      39
      35
      34
      30
      31
      18
      51
      29
      24
      34
      32
      27
      36
      33
      28
      24
      31
      30
      37
      24
      39
      32
      27
      28
      36
      29
      28
      36
      35
      29
      24
      23
      29
      22
      21
      23
      25
      38
      25
      28
      27
      24
      25
      32
      35
      38
      34
      34
      19
      40
      34
      25
      21
      31
      26
      37
      26
      33
      23
      27
      35
      31
      32
      32
      42
      39
      23
      43
      31
      48
      23
      23
      31
      30
      33
      25
      28
      23
      29
      30
      26
      26
      19
      30
      26
      28
      28
      27
      44
      38
      22
      31
      33
      30
      17
      25
      24
      36
      31
      35
      27
      26
      24
      29
      29
      35
      24
      38
      23
      30
      38
      28
      33
      30
      30
      41
      30
      28
      34
      17
      31
      35
      42
      28
      33
      33
      20
      24
      32
      21
      32
      29
      26
      35
      22
      31
      19
      28
      21
      28
      33
      19
      18
      26
      32
      27
      29
      34
      26
      20
      31
      26
      38
      36
      25
      20
      41
      34
      25
      18
      35
      20
      31
      22
      36
      27
      23
      29
      43
      30
      27
      30
      26
      35
      32
      27
      36
      23
      32
      30
      25
      28
      20
      39
      31
      34
      20
      31
      25
      30
      22
      24
      28
      33
      24
      30
      32
      17
      29
      26
      24
      33
      28
      28
      35
      29
      29
      22
      25
      16
      28
      28
      27
      19
      28
      32
      22
      13
      24
      33
      34
      25
      27
      23
      30
      36
      25
      18
      38
      28
      28
      24
      30
      24
      27
      33
      24
      29
      33
      24
      32
      29
      24
      29
      25
      29
      28
      26
      31
      27
      33
      36
      35
      17
      20
      32
      23
      32
      20
      31
      20
      30
      25
      35
      26
      30
      23
      31
      29
      22
      28
      29
      36
      20
      24
      30
      26
      21
      37
      23
      30
      26
      36
      29
      29
      30
      25
      35
      25
      28
      33
      26
      30
      21
      30
      35
      15
      38
      31
      30
      28
      36
      36
      24
      34
      19
      25
      33
      32
      31
      32
      21
      26
      25
      34
      29
      31
      20
      29
      18
      32
      23
      34
      30
      22
      22
      20
      36
      23
      27
      25
      20
      30
      31
      27
      19
      24
      27
      27
      24
      20
      24
      25
      20
      30
      31
      33
      23
      21
      24
      24
      27
      19
      27
      25
      24
      29
      24
      27
      29
      28
      30
      24
      34
      30
      29
      21
      35
      22
      32
      41
      25
      18
      27
      27
      24
      20
      24
      32
      37
      30
      29
      32
      39
      25
      21
      19
      30
      19
      23
      23
      27
      30
      31
      30
      35
      29
      18
      27
      34
      24
      22
      19
      30
      27
      28
      24
      18
      30
      30
      26
      29
      29
      22
      27
      21
      29
      28
      25
      21
      32
      18
      19
      25
      28
      26
      39
      18
      35
      21
      22
      23
      29
      26
      19
      32
      24
      19
      43
      23
      20
      34
      19
      33
      28
      21
      25
      31
      28
      21
      27
      36
      27
      18
      27
      36
      17
      30
      20
      22
      19
      25
      21
      29
      19
      20
      34
      28
      21
      21
      31
      22
      23
      26
      25
      20
      32
      32
      30
      39
      25
      23
      25
      22
      27
      22
      27
      22
      25
      23
      26
      18
      26
      21
      32
      21
      25
      21
      31
      25
      26
      28
      23
      17
      23
      29
      31
      29
      20
      24
      25
      20
      22
      26
      25
      20
      22
      19
      25
      22
      31
      20
      27
      25
      27
      36
      36
      26
      20
      25
      17
      25
      35
      22
      11
      31
      22
      20
      31
      27
      27
      18
      26
      26
      34
      23
      25
      23
      25
      21
      29
      27
      23
      28
      22
      23
      18
      34
      25
      32
      35
      23
      22
      22
      25
      21
      29
      26
      21
      20
      34
      31
      25
      18
      18
      24
      31
      19
      24
      23
      33
      24
      30
      17
      24
      31
      15
      25
      27
      31
      22
      15
      22
      21
      31
      26
      26
      26
      24
      20
      23
      29
      26
      23
      26
      31
      25
      32
      24
      21
      23
      18
      30
      30
      24
      24
      14
      30
      21
      24
      19
      27
      27
      15
      23
      27
      29
      25
      15
      13
      16
      36
      18
      33
      20
      27
      20
      24
      20
      19
      19
      20
      18
      26
      27
      28
      24
      36
      15
      25
      15
      23
      24
      22
      21
      27
      17
      12
      26
      26
      31
      23
      24
      21
      28
      16
      20
      23
      20
      22
      27
      18
      19
      27
      22
      17
      22
      25
      21
      22
      21
      23
      28
      27
      22
      15
      31
      28
      29
      21
      23
      28
      19
      24
      27
      21
      19
      20
      25
      21
      21
      22
      23
      20
      26
      27
      26
      28
      28
      35
      20
      22
      21
      15
      29
      23
      15
      24
      30
      32
      25
      20
      15
      36
      25
      24
      22
      31
      22
      21
      19
      19
      28
      22
      21
      20
      14
      28
      25
      26
      25
      33
      27
      15
      24
      28
      20
      23
      31
      28
      21
      17
      19
      22
      18
      18
      20
      22
      18
      23
      34
      17
      16
      20
      25
      27
      23
      19
      11
      24
      16
      20
      19
      27
      22
      14
      25
      29
      32
      18
      23
      29
      21
      24
      17
      31
      27
      22
      21
      15
      24
      29
      24
      20
      28
      20
      20
      19
      15
      18
      18
      29
      36
      21
      26
      18
      19
      27
      34
      21
      24
      29
      17
      24
      27
      30
      24
      20
      18
      14
      24
      26
      21
      31
      21
      20
      18
      22
      26
      21
      17
      25
      26
      26
      28
      34
      15
      19
      23
      23
      28
      27
      22
      12
      26
      27
      17
      13
      29
      29
      20
      30
      28
      24
      27
      27
      26
      22
      24
      29
      20
      18
      16
      22
      17
      25
      21
      22
      27
      23
      23
      13
      23
      18
      22
      27
      18
      19
      16
      16
      23
      21
      27
      19
      17
      20
      19
      24
      12
      18
      21
      18
      27
      27
      22
      29
      27
      20
      22
      24
      31
      22
      29
      22
      25
      22
      23
      16
      33
      14
      10
      17
      33
      19
      19
      18
      22
      18
      19
      18
      17
      19
      26
      20
      20
      20
      21
      22
      21
      22
      23
      16
      20
      14
      19
      20
      27
      20
      35
      18
      21
      10
      17
      21
      20
      26
      17
      21
      20
      22
      20
      28
      23
      18
      19
      20
      36
      20
      22
      18
      20
      19
      22
      19
      25
      23
      29
      19
      18
      16
      18
      19
      26
      25
      19
      31
      19
      21
      25
      25
      16
      21
      12
      23
      25
      16
      22
      19
      22
      16
      17
      21
      14
      16
      21
      26
      17
      16
      30
      19
      20
      22
      19
      25
      18
       8
      19
      20
      29
      21
      25
      22
      10
      19
      25
      21
      23
      21
      20
      33
      30
      21
      21
      19
      22
      17
      19
      29
      21
      22
      13
      21
      23
      15
      30
      22
      15
      19
      19
      20
      20
      12
      35
      22
      21
      13
      31
      22
      21
      24
      16
      21
      17
      26
      19
      26
      22
      12
      18
      21
      19
      14
      21
      17
      23
      21
      21
      18
      17
      30
      25
      18
      19
      11
      22
      16
      27
      23
      22
      25
      13
      20
      24
      12
      28
      19
      25
      26
      16
      17
      24
      20
      32
      19
      14
      33
      15
      22
      23
      26
      23
      18
      12
      18
      24
      17
      16
      21
      16
      26
      24
      22
      19
      20
      21
      28
      19
      20
      22
      18
      23
      25
      11
      18
      30
      20
      22
      29
      29
      21
      24
      23
      17
      24
      28
      13
      19
      30
      23
      18
      13
      23
      17
      19
      19
      28
      15
      24
      25
      18
      15
      21
      19
      27
      22
      25
      25
      20
      19
      25
      19
      20
      23
      18
      18
      24
      19
      15
      19
      18
      29
      19
      21
      24
      18
      17
      23
      19
      14
      15
      18
      25
      24
      15
      18
      16
      11
      26
      14
      22
      15
      26
      27
      18
      23
      25
      28
      26
      25
      27
      19
      25
      18
      24
      29
      22
      19
      25
      20
      26
      27
      22
      25
      22
      19
      18
      19
      17
      21
      17
      22
      19
      12
      18
      18
      24
      19
      20
      18
      21
      22
      23
      25
      16
      16
      19
      25
      18
      19
      21
      28
      26
      21
      21
      22
      26
      16
      17
      20
      33
      21
      20
      16
      26
      18
      20
      22
      22
      17
      12
      23
      16
      17
      29
      22
      33
      20
      11
      18
      24
       9
      21
      24
      22
      24
      28
      21
      20
      18
      16
      17
      24
      28
      19
      18
      20
      20
      19
      19
      30
      24
      19
      15
      21
      22
      14
      17
      15
      18
      21
      20
      16
      20
      28
      12
      24
      23
      16
      18
      21
      23
      30
      11
      12
      14
      26
      14
      13
      16
      16
      19
      20
      17
      14
      29
      21
      22
      19
      24
      25
      18
      20
      19
      12
      15
      24
      20
      22
      19
      26
      25
      26
      23
      17
      27
      21
      24
      15
      21
      20
       9
      24
      21
      27
      21
      14
      23
      22
      19
      16
      22
      15
      28
      27
      15
      18
      23
      27
      17
      23
      12
      14
      22
      22
      26
      22
      27
      15
      18
      26
      24
      19
      23
      17
      18
      15
      26
      19
      19
      27
      18
      17
      14
      24
      21
      21
      24
      14
      29
      16
      26
      17
      19
      23
      20
      28
      29
      14
      19
      19
      22
      21
      22
      13
      18
      19
      19
      25
      29
      14
      20
      17
      26
      16
      16
      21
      15
      14
      12
      24
      27
      21
      16
      20
      17
      11
      17
      18
      23
      14
      15
      14
      19
      13
      16
      21
      21
      23
      21
      19
      22
      14
      17
      20
      15
      23
      17
      16
      17
      17
      15
      20
      20
      15
      16
      16
      30
      24
      22
      15
      17
      14
      19
      15
      18
      17
      14
      22
      18
      21
      13
      15
      23
      18
      20
      11
      16
      22
      14
      15
      15
      14
      19
      12
      13
      19
      12
      14
      12
      18
      23
      14
      21
      19
      29
      22
      21
      22
      27
      17
      21
      17
      21
      16
      18
      15
      18
      16
      14
      12
      19
      24
      21
      26
      17
      17
      26
      16
      19
      21
      29
      17
      14
      16
      12
      32
      16
      23
      17
      16
      13
      21
      25
      17
      14
      20
      17
      15
      21
      18
      12
      21
      22
      23
      19
      24
      13
      19
      23
      14
      24
      19
      18
      17
      19
      18
      17
      12
      20
      20
      22
      21
      20
      13
      14
      18
      13
      15
      17
      21
      14
      13
      14
      23
      18
      21
      23
      16
      17
      27
      18
      16
      15
      19
       8
      13
      19
      14
      23
      24
      14
      16
      15
      16
      19
      28
      20
      19
      18
      12
      20
      20
       8
      15
      13
      18
      20
      20
      27
      18
      11
      19
      20
      14
      16
      22
      12
      16
      17
      18
      15
      18
      13
      15
      20
      16
      12
      25
      20
      14
      15
      18
      22
      12
      23
      25
      22
      17
      18
      11
      14
      15
      18
      23
      18
      24
      25
      16
      22
      18
      14
      19
      15
      18
      16
       8
      21
      13
      24
      13
      19
      13
      15
      13
      11
      13
      13
      13
      25
      18
      17
      15
      17
      22
      15
      22
      20
      25
      15
      14
      16
      17
      13
      18
      16
      20
      18
      21
      18
      18
      20
      21
      15
      16
      22
      20
      22
      13
      17
      24
      21
      15
      16
      17
      19
      13
      19
      14
      18
      17
      17
      22
      22
      22
      17
      22
      15
      22
      17
      16
      20
      17
      12
      12
      25
      15
      18
      24
      14
      15
      27
      28
      22
      13
      24
      21
      22
      19
      18
      21
      12
      31
      19
      14
      22
      18
      25
      20
      15
      14
      21
      15
      22
      20
      14
      11
      21
      20
      26
      19
      17
      17
      16
      26
      23
      21
      17
      21
      18
      24
      18
      23
      20
      23
      19
      21
      21
       9
      17
      18
      14
      15
      21
      19
      17
      21
      27
      20
      19
      10
      20
      17
      12
      23
      20
      15
      23
      18
      17
      15
      23
      20
      10
      24
      14
      19
      18
      12
      16
      11
      19
      22
      20
      12
      22
      21
      14
      17
      17
      21
      14
      35
      20
      14
      20
      22
      30
      15
      17
      19
      14
      21
      18
      15
      16
      17
      19
      19
      17
      18
      21
      19
      19
      18
      15
      20
      22
      14
      20
      16
      13
      15
      21
      20
      12
      16
      24
      19
      14
      19
      15
      24
      10
      16
      28
      18
      17
      23
      17
      20
      13
      21
      26
      19
      15
      17
      29
      16
      20
      24
      20
      14
      23
      24
      11
      16
      15
      17
      13
      15
      24
      17
      21
      18
      10
      19
      14
      16
      20
      18
      21
      24
      13
      23
      22
      25
      17
      14
      14
      19
      21
      18
      24
      17
      22
      18
      16
      27
      10
      17
      17
      21
      19
      19
      13
      18
      14
      16
      22
      20
      27
      20
      18
      20
      15
      17
      17
      16
      27
      23
      20
      15
      14
      20
      10
      21
      18
      21
      15
      17
      17
      16
      18
      17
      22
      17
      18
      13
      22
      16
      16
      14
      27
      20
      15
      22
      14
      22
      14
      17
      21
      19
      15
      19
      19
      17
      19
      20
      17
      18
      16
      17
      12
      10
      23
      14
      18
      13
      19
      18
      16
      19
      12
      19
      21
      11
      24
      14
      28
      20
      16
      14
      24
      17
      22
      17
      15
      32
      17
      18
      22
      27
      16
       6
      16
      20
      15
      11
      15
      21
      22
      24
      12
      12
      29
      18
      28
      22
      21
      18
      18
      16
      20
      23
      22
      13
      18
      18
      14
      23
      15
      19
      13
      21
      15
      13
      15
      23
      20
      15
       6
      14
      17
      24
      21
      12
      20
      22
      24
      17
      17
      18
      22
      18
      19
      20
      23
      26
      21
      20
      26
      14
      15
      13
      21
      11
      21
      22
      25
      21
      25
      21
      16
      18
      21
      12
      16
      22
      19
      20
      12
      15
      19
      18
      19
      13
      21
      19
      16
      15
      19
      24
      17
      19
      11
      26
      12
      14
      14
      25
      25
      18
      11
      15
      15
      13
      19
      26
      18
      14
      13
      22
      19
      12
      24
      18
      14
      13
      27
      10
      20
      19
      16
      19
      20
      10
      20
      19
      13
      18
      14
      10
      29
      18
      25
      20
      16
      15
      22
      12
      17
      22
      17
      19
      23
      15
      13
      18
      18
      16
      17
      17
      18
      19
      16
      17
      20
      24
      23
      20
      12
      15
      20
      20
      19
      12
      16
      17
      17
      21
      12
      23
      18
      12
      27
      11
      18
      12
      20
      10
      29
      16
      23
      13
      18
       9
      19
      20
      21
      14
      23
      17
      18
      21
      24
      19
      21
      22
      11
      15
      21
      20
      23
      23
      22
      11
      19
      20
      16
      15
      15
      18
      21
      22
      16
      19
      19
      20
      20
      21
      12
      20
      12
      16
      16
      15
      16
      26
      22
      20
      17
      22
      14
      14
      16
      23
      17
      16
      21
      15
      26
      15
      17
      12
      18
      18
      19
      20
      15
      24
      12
      21
      18
      24
      20
      18
      14
      16
      23
      21
      24
      12
      10
      19
      21
      16
      21
      14
      17
      18
      12
      17
      23
      19
      17
      17
      17
      22
      18
      20
      17
      15
      18
      19
      11
      15
      23
      14
      22
      17
      20
      15
      24
      12
      17
      20
      26
      14
      16
      16
      20
      14
      26
      19
      23
      16
      29
      14
      11
      17
      12
      15
      17
      12
      16
      19
      18
      14
      17
      17
      22
      26
      17
      26
      16
      14
      19
      13
      16
      26
      17
      10
      24
      21
      15
      23
      16
      16
      19
      27
      20
      19
      21
      18
      19
      23
      23
      22
      20
      10
      14
      27
      21
      14
      18
      21
      10
      20
      17
      17
      24
      17
      16
      27
      19
      16
      16
      19
      21
      19
      24
      17
      18
      26
      16
      17
      18
      10
      15
      18
      16
      20
      11
      19
      11
      14
      21
      21
      12
      11
      19
      21
      15
      18
      20
      13
      16
      16
      15
      16
      17
      18
      14
      17
      19
      22
      15
       8
      22
      21
      17
      15
      23
      22
      16
      15
      16
      28
      25
      15
      20
      21
      20
      10
      20
      17
      12
      20
      17
      16
      22
       7
      18
      13
      20
      16
      21
      19
      35
      22
      21
      19
      18
      10
      14
      16
      32
      15
      15
      23
      18
      17
      12
      23
      18
      15
      16
      21
      14
      16
      17
      26
      20
      17
      15
      15
      19
      20
      19
      20
      23
      18
      19
      16
      19
      22
      15
      17
      18
      17
      11
      25
      21
      12
      11
      16
      14
      21
      12
      13
      20
      23
      22
      13
      18
      21
      21
      15
      21
       7
      16
      17
      13
      20
      18
      20
      18
      11
      15
      18
      21
      13
      22
      15
      21
      14
      18
      11
      18
      23
      24
      13
       8
      13
      15
      13
      13
      22
      12
      12
      14
      17
      13
       7
       9
       7
      20
      12
      19
      12
      15
      20
      15
      18
      13
      14
      14
      22
      13
       8
      12
      14
      12
      18
      11
      11
      16
      13
      17
      20
      11
      22
      12
      18
      11
       8
      13
      18
      18
      13
      15
      13
      19
      18
      12
      11
      20
      15
      13
      13
      13
      15
      16
       9
       8
      12
      18
      11
      13
      18
      13
      10
      16
      10
      13
      11
      19
      18
      16
      19
      14
       4
      13
      17
      14
      15
      13
      14
      14
      15
      11
      14
       8
      21
      18
      13
      13
      24
      19
      12
       8
      12
      11
      13
      12
      19
      19
      15
      16
      13
       9
      10
      22
       8
      18
      13
      18
      12
       7
      11
      14
      15
      18
      14
      12
      14
      16
      21
      12
      14
      18
       7
      19
      14
       9
      16
      13
      16
       6
      15
      14
      13
      12
      14
      19
      15
      13
       6
      13
      12
       9
      15
      15
       9
      11
      11
      15
      10
       8
      14
      14
      12
      14
      15
      16
       6
      17
      10
      10
      13
      10
      10
       7
      16
      10
      14
       7
      11
      13
      11
      11
      17
      12
       8
       7
      12
      18
      12
      15
       9
      12
      13
      12
       6
      12
      11
       8
       9
       7
      13
      18
      13
      10
       9
      15
       6
      13
      12
      12
      10
       8
      12
      11
       8
      12
       5
       8
      10
       5
       8
      15
       9
       9
      11
       9
       8
       6
       7
      12
       7
       9
      14
       8
       9
      11
       5
       9
       9
      10
       6
       9
      10
      11
       4
      10
       8
       8
      10
       8
      10
       8
      13
       5
      11
       9
       9
       4
      15
      10
       9
       6
       4
       7
       7
       5
       3
       9
       7
       5
       8
       6
      12
       5
      10
      12
       6
       7
       8
       8
       5
       4
       6
       3
       9
       9
      11
       6
       9
      11
       4
      11
       7
       3
       6
       6
       8
       9
       6
      11
       4
       3
       8
       9
      10
       2
      14
       7
       8
       7
       8
       3
       4
       7
       4
       7
      10
       5
       5
       6
       8
       8
      12
       8
       5
       7
       2
       5
       7
      11
       7
       8
      10
       5
       9
       8
      10
       7
       5
       4
       9
       5
       9
       6
       8
      11
       5
       1
       8
       5
       7
      11
       6
       3
       8
       7
       8
       8
      10
      10
       7
       6
      11
       7
       9
       5
       9
       5
       8
       7
       5
       4
       9
       6
       4
       5
       6
       7
       7
       4
       4
       4
       2
       4
       6
       8
       3
       4
      10
       4
       4
       4
       4
       5
       5
       6
       5
       5
      12
       6
      10
       6
       4
       5
       6
       6
       4
       4
      11
       3
       4
       5
       6
       6
       3
       6
       8
       8
       9
       7
       6
       4
       9
       5
       8
       2
       5
       8
       7
       5
       6
       3
       3
       4
       3
       2
       8
       4
       8
       7
      10
       6
       5
       5
      10
       5
       4
       5
       7
       2
       6
       5
       4
       2
       4
       9
       4
       5
       3
       9
      10
       9
       7
       6
       5
      10
       5
       6
       5
       5
       7
      10
       7
       1
       8
       4
       4
       7
      11
       7
       7
       3
       4
       7
      12
       7
       4
       8
       8
       6
       6
       6
       6
       6
       5
       7
       6
       6
       5
       6
       5
       5
       5
       7
       4
       7
       7
       7
       5
       3
       5
       6
       3
       9
       5
       6
       7
       3
       6
       4
       2
       8
       8
       8
       9
       5
       5
       3
       5
       5
       6
       4
       6
       9
       3
       5
       6
       4
       7
       1
       3
       3
       4
       5
       4
       4
       6
       3
       4
       9
       2
       7
       5
       4
       3
       7
       4
       8
       2
       7
       4
       5
       8
       6
       3
       6
       4
       2
       4
       5
       5
       4
       5
       7
       5
       6
       8
       4
       2
       3
       2
       4
       4
       8
       1
       6
       4
       4
       6
       6
       6
       7
       5
       4
       4
       8
       3
       6
       3
       4
       3
       5
       3
       3
       2
       8
       6
       4
       3
       8
       7
       6
       5
       2
       1
       3
       3
       6
       3
       6
       1
       3
       2
       3
       5
       6
       5
       6
       3
       7
       7
       2
       3
       4
       3
       3
       2
       7
       5
       5
       2
       3
       5
       5
       6
       6
       2
       4
       8
       4
       3
       3
       5
       5
      12
       4
       2
       3
       5
       5
       5
       3
       9
       4
       4
       0
       5
       6
       5
       1
       3
       3
       3
       6
       4
       4
       3
       4
       5
       4
       7
       5
       4
       8
       6
       7
       5
       5
       4
       4
       2
       4
       4
       3
       4
       5
       2
       3
       5
       8
       1
       6
       4
       3
       1
       9
       3
       2
       0
       1
       7
       3
       3
       1
       2
       3
       1
       3
       4
       2
       5
       7
       5
       4
       6
       2
       1
       4
       3
       4
       8
       2
       2
       4
       1
       3
       4
       4
       3
       1
       4
       2
       2
       3
       4
       2
       2
       2
       4
       6
       5
       1
       4
       4
       5
       2
       2
       4
       3
       2
       1
       7
       6
       2
       4
       2
       6
       4
       5
       0
       1
       3
       6
       5
       3
       1
       5
       0
       8
       1
       2
       4
       6
       4
       4
       3
       4
       5
       3
       3
       5
       3
       4
       3
       2
       3
       4
       2
       5
       2
       4
       5
       2
       3
       3
       2
       1
       3
       1
       3
       3
       3
       5
       4
       6
       6
       0
       0
       2
       5
       4
       4
       5
       2
       4
       5
       7
       4
       5
       3
       4
       1
       1
       6
       3
       5
       2
       3
       4
       3
       3
       3
       4
       1
       2
       5
       0
       4
       0
       3
       4
       3
       2
       6
       4
       3
       3
       4
       1
       3
       6
       2
       2
       2
       1
       2
       3
       5
       2
       7
       5
       3
       4
       0
       5
      10
       4
       1
       2
       4
       1
       2
       3
       1
       6
       3
       4
       2
       4
      10
       0
       5
       2
       5
       4
       4
       7
       6
       4
       0
       6
       3
       7
       1
       3
       6
       2
       2
       1
       2
       4
       1
       2
       4
       2
       3
       6
       3
       4
       5
       5
       4
       4
       3
       2
       6
       3
       1
       6
       0
       1
       2
       4
       4
       3
       4
       2
       0
       6
       3
       3
       0
       7
       4
       4
       3
       1
       2
       3
       4
       1
       2
       1
       1
       3
       5
       7
       4
       3
       0
       1
       4
       6
       3
       1
       4
       5
       3
       2
       4
       5
       3
       4
       1
       3
       4
       9
       2
       0
       4
       3
       2
       2
       3
       1
       3
       2
       3
       3
       2
       2
       2
       2
       5
       4
       2
       1
       0
       2
       1
       5
       2
       1
       5
       2
       0
       5
       5
       5
       1
       5
       1
       3
       1
       3
       1
       4
       7
       2
       0
       6
       4
       3
       4
       2
       5
       3
       6
       6
       2
       2
       4
       4
       7
       3
       1
       5
       2
       1
       5
       5
       1
       3
       1
       2
       3
       5
       3
       3
       1
       1
       5
       0
       4
       2
       0
       0
       1
       3
       2
       3
       2
       4
       4
       3
       1
       2
       5
       1
       4
       2
       2
       2
       2
       1
       1
       2
       4
       0
       4
       2
       3
       5
       8
       5
       3
       4
       2
       3
       1
       1
       3
       2
       2
       4
       2
       3
       0
       2
       3
       4
       5
       3
       1
       2
       3
       2
       4
       2
       5
       2
       4
       4
       3
       0
       4
       5
       3
       2
       4
       5
       2
       2
       7
       1
       3
       3
       2
       0
       4
       5
       5
       3
       3
       0
       5
       2
       7
       1
       0
       1
       3
       5
       4
       6
       4
       1
       4
       6
       3
       5
       4
       3
       3
       4
       5
       2
       0
       1
       4
       4
       1
       3
       1
       4
       4
       3
       4
       4
       3
       1
       2
       3
       2
       5
       3
       4
       4
       3
       7
       0
       3
       4
       5
       1
       4
       1
       6
       2
       6
       0
       4
       4
       0
       0
       4
       1
       1
       3
       2
       1
       3
       5
       3
       2
       0
       3
       1
       2
       6
       2
       3
       1
       2
       5
       4
       3
       5
       3
       4
       5
       3
       3
       3
       5
       1
       2
       0
       3
       4
       3
       4
       4
       1
       4
       2
       3
       1
       1
       2
       2
       5
       4
       4
       1
       5
       3
       2
       2
       2
       3
       3
       3
       4
       4
       3
       2
       1
       4
       7
       5
       1
       3
       3
       3
       1
       2
       4
       0
       4
       2
       3
       3
       1
       4
       2
       5
       0
       2
       0
       4
       3
       5
       3
       6
       2
       2
       4
       3
       1
       1
       2
       3
       1
       6
       5
       0
       4
       2
       2
       0
       0
       5
       5
       2
       3
       3
       3
       1
       9
       1
       2
       1
       5
       3
       2
       2
       2
       2
       1
       1
       4
       3
       5
       1
       2
       1
       3
       5
       5
       4
       0
       0
       3
       6
       2
       1
       2
       1
       2
       2
       5
       7
       4
       7
       0
       0
       1
       3
       3
       0
       0
       3
       2
       1
       4
       1
       1
       4
       0
       3
       1
       4
       2
       3
       3
       2
       3
       1
       2
       2
       6
       2
       2
       5
       1
       2
       2
       4
       3
       0
       5
       4
       2
       2
       3
       3
       1
       1
       2
       3
       3
       4
       1
       3
       7
       2
       0
       3
       3
       3
       7
       2
       2
       4
       1
       2
       3
       1
       3
       5
       1
       0
       0
       3
       1
       3
       3
       5
       2
       3
       1
       3
       0
       4
       6
       1
       1
       3
       5
       8
       3
       3
       6
       3
       1
       0
       1
       1
       1
       3
       2
       4
       1
       1
       3
       7
       1
       1
       2
       0
       5
       3
       3
       1
      10
       3
       1
       2
       2
       2
       1
       2
       3
       2
       2
       4
       5
       3
       3
       2
       4
       3
       1
       1
       4
       3
       2
       2
       2
       3
       4
       4
       2
       3
       3
       0
       2
       2
       0
       1
       2
       1
       1
       2
       3
       2
       4
       3
       2
       2
       3
       0
       1
       7
       3
       2
       1
       4
       1
       6
       2
       5
       0
       4
       3
       1
       1
       0
       1
       4
       3
       2
       7
       7
       1
       4
       4
       1
       2
       1
       1
       1
       1
       1
       2
       3
       2
       2
       4
       1
       3
       0
       2
       0
       4
       2
       1
       1
       7
       2
       6
       4
       1
       1
       0
       2
       3
       3
       2
       0
       4
       1
       2
       2
       4
       3
       4
       3
       1
       3
       2
       5
       2
       1
       4
       2
       2
       1
       1
       2
       3
       6
       4
       1
       1
       2
       2
       2
       2
       0
       1
       0
       2
       3
       1
       3
       1
       1
       1
       2
       3
       2
       0
       2
       2
       2
       2
       4
       3
       1
       0
       2
       0
       3
       3
       2
       1
       1
       2
       0
       2
       3
       3
       3
       4
       2
       3
       3
       2
       4
       2
       2
       2
       3
       2
       2
       1
       0
       1
       1
       3
       2
       1
       6
       1
       3
       2
       4
       2
       2
       3
       5
       2
       3
       4
       5
       2
       4
       5
       4
       3
       3
       0
       2
       4
       1
       4
       1
       1
       1
       1
       2
       0
       1
       1
       2
       2
       7
       4
       3
       4
       3
       4
       3
       5
       4
       3
       1
       2
       1
       2
       5
       2
       3
       2
       4
       1
       2
       3
       7
       4
       1
       1
       5
       2
       1
       3
       2
       2
       1
       3
       3
       1
       2
       0
       2
       4
       1
       0
       3
       3
       5
       2
       2
       3
       4
       0
       2
       2
       4
       2
       2
       3
       1
       3
       1
       1
       3
       2
       3
       3
       5
       2
       2
       2
       3
       1
       4
       0
       3
       4
       2
       2
       2
       4
       2
       0
       4
       0
       4
       2
       6
       2
       2
       0
       6
       3
       1
       3
       2
       2
       2
       2
       4
       0
       4
       1
       1
       1
       4
       2
       3
       3
       2
       2
       2
       3
       2
       4
       3
       4
       2
       7
       3
       1
       1
       0
       3
       2
       3
       4
       3
       2
       2
       1
       3
       2
       4
       3
       5
       3
       4
       5
       2
       2
       2
       1
       3
       1
       2
       3
       1
       1
       3
       1
       1
       3
       1
       3
       3
       2
       2
       4
       5
       5
       3
       8
       4
       5
       2
       4
       5
       3
       4
       0
       2
       6
       6
       2
       5
       5
       5
       4
       9
       4
       3
       7
       3
       6
       6
       6
       4
       7
       2
       4
       4
       7
       7
       3
       5
       7
       3
       6
      10
       7
       6
       4
      12
       3
       5
      15
       4
       5
       4
      10
       5
      11
       8
      11
       9
       6
      11
      10
       7
      11
       8
       9
       8
       4
       7
      10
      12
       5
       9
       5
       7
       8
      10
      12
      13
       4
       6
       8
       9
      11
       7
      11
       7
      11
      11
      10
       8
      12
      12
      17
      16
      15
      15
       9
      13
      11
      16
      10
      12
      24
      20
      17
      20
      11
      16
      15
      15
      24
      17
      22
      17
      23
      16
      18
      18
      20
      22
      19
      23
      14
      16
      23
      21
      19
      19
      32
      23
      23
      21
      21
      25
      28
      16
      25
      21
      16
      22
      24
      27
      24
      19
      27
      30
      25
      31
      15
      28
      33
      32
      34
      40
      35
      24
      26
      30
      31
      37
      30
      37
      27
      29
      33
      32
      40
      42
      32
      40
      36
      43
      43
      45
      37
      36
      37
      41
      50
      34
      44
      44
      47
      43
      43
      58
      32
      41
      55
      47
      50
      33
      57
      56
      52
      44
      61
      52
      65
      75
      49
      53
      58
      65
      59
      54
      65
      61
      73
      60
      59
      53
      61
      48
      72
      71
      70
      68
      53
      90
      62
      65
      57
      67
      67
      63
      53
      78
      78
      79
      54
      81
      66
      86
      76
      76
      79
      76
      74
      72
      96
      91
      77
      72
      84
      79
      75
      82
      71
      78
      77
      74
      84
      86
      80
     104
     100
     102
      99
     111
      91
      88
     105
      89
      88
      77
      99
     101
     107
      95
     102
     110
      95
      97
     104
      86
     103
      95
     100
      98
     127
      86
     100
      88
     104
     120
     105
     106
     106
      96
      90
     109
     103
     103
     100
     130
     107
     121
     111
     123
     109
     117
     132
     106
     118
     120
     118
     123
      85
      99
     130
      94
     131
     127
     117
     107
     141
     123
     140
     119
     116
     135
      97
     119
     128
     114
     100
     129
     124
     133
     113
     120
     120
     152
     129
     136
     137
     116
     135
     128
     118
     123
     152
     129
     139
     120
     123
     142
     134
     110
     112
     138
     146
     122
     150
     142
     141
     130
     116
     106
     138
     127
     135
     117
     127
     140
     141
     145
     138
     131
     137
     129
     128
     126
     128
     136
     126
     125
     157
     105
     143
     127
     149
     114
     153
     108
     121
     129
     133
     152
     135
     129
     131
     139
     149
     149
     127
     125
     126
     128
     120
     142
     115
     136
     111
     135
     113
     148
     117
     118
     144
     143
     125
     128
     121
     146
     112
     126
     116
     126
     111
     125
     117
     114
     117
     108
     126
     138
     126
     117
     143
     113
     125
      94
     119
     122
     127
     121
     109
     111
     109
     103
     112
      99
     120
     129
     107
      86
     122
     109
     115
     105
     100
     103
      89
     128
     130
     114
     100
     111
      97
     101
     102
      99
     101
     116
     111
     104
     117
      90
      81
     114
      96
     105
     106
      86
     100
      90
     101
      98
     100
     100
      83
     110
     107
      83
      92
      75
      91
      99
     104
     102
      88
     102
      90
     103
      86
      75
      98
      73
      69
      90
      85
      90
      86
      77
      86
      79
      94
     100
      79
      75
      76
      74
      81
      93
      74
      88
      81
      93
      86
      73
      73
      74
      80
      63
      80
      62
      71
      78
      55
      82
      60
      73
      68
      69
      71
      64
      78
      62
      69
      73
      64
      55
      71
      63
      68
      65
      63
      64
      56
      66
      56
      58
      62
      49
      55
      57
      49
      52
      50
      45
      52
      65
      55
      55
      62
      42
      48
      47
      59
      48
      46
      40
      48
      47
      50
      39
      40
      42
      42
      34
      43
      42
      38
      52
      45
      44
      50
      40
      36
      38
      35
      47
      39
      42
      28
      38
      35
      37
      35
      35
      37
      40
      37
      28
      35
      27
      38
      38
      33
      32
      34
      25
      37
      34
      30
      33
      26
      32
      30
      25
      34
      27
      33
      37
      28
      29
      29
      27
      26
      35
      30
      27
      12
      21
      20
      18
      19
      25
      27
      35
      26
      17
      23
      17
      24
      26
      16
      18
      22
      26
      16
      14
      17
      10
      22
      20
      16
      16
      14
      17
      20
      14
      20
      19
      13
      13
      20
      16
      17
      13
      12
      14
      10
      10
      16
      15
      15
      20
      14
      12
      14
      10
      12
      10
      12
      17
      13
      17
      19
      16
       9
      17
      13
      16
      10
       9
      10
       7
      12
      13
      10
       9
      17
      12
      13
      17
      13
      12
      11
      19
       7
      11
       9
       7
       7
       6
      14
      11
      10
       9
      11
      11
       7
       6
       4
      11
       8
       3
       9
       7
       7
       6
       6
       5
       6
      10
       4
       9
      10
       5
       3
       4
       7
       1
       7
       7
       3
       8
       5
       3
       4
       4
       0
       6
       6
       2
       4
       4
       2
       4
       4
       6
       1
       7
       2
       9
       6
       3
       2
       3
       6
       4
       4
       6
       2
       1
       2
       2
       2
       2
       4
       2
       4
       2
       2
       4
       2
       6
       4
       2
       2
       4
       3
       3
       1
       2
       3
       3
       3
       4
       3
       3
       4
       2
       2
       3
       0
       2
       3
       5
       1
       1
       0
       2
       3
       0
       2
       1
       3
       2
       3
       2
       0
       0
       1
       0
       2
       1
       1
       3
       0
       1
       2
       0
       4
       4
       3
       1
       0
       1
       2
       1
       1
       2
       2
       3
       2
       2
       3
       1
       0
       0
       2
       0
       2
       0
       1
       3
       0
       1
       2
       0
       2
       2
       2
       0
       0
       2
       3
       0
       0
       1
       3
       0
       1
       2
       0
       0
       1
       3
       3
       0
       2
       0
       1
       0
       1
       1
       1
       0
       2
       1
       2
       1
       0
       0
       0
       2
       1
       1
       0
       0
       0
       0
       2
       2
       2
       1
       0
       0
       1
       1
       0
       1
       1
       0
       3
       0
       1
       0
       0
       3
       1
       1
       0
       0
       0
       2
       2
       1
       0
       1
       1
       0
       0
       0
       0
       1
       0
       0
       1
       1
       0
       0
       0
       3
       0
       0
       0
       0
       0
       0
       0
       1
       1
       1
       0
       0
       1
       1
       0
       0
       1
       0
       1
       0
       2
       2
       1
       0
       0
       0
       0
       1
       0
       1
       1
       1
       0
       0
       1
       1
       0
       0
       0
       0
       0
       0
       0
       0
       0
       0
       0
       0
       1
       0
       0
       0
       0
       0
       0
       0
       1
       0
       0
       0
       2
       1
       1
       1
       2
       1
       0
       3
       0
       1
       0
       1
       0
       0
       1
       0
       0
       0
       1
       1
       0
       0
       1
       1
       1
       0
       0
       0
       0
       1
       0
       0
       0
       0
       0
       0
       0
       1
       1
       0
       1
       0
       2
       1
       0
       0
       0
       2
       1
       0
       0
       0
       1
       0
       0
       0
       0
       0
       2
       0
       0
       0
       1
       0
       2
       1
       1
       0
       0
       0
       0
       0
       0
       0
       2
       0
       2
       0
       1
       0
       0
       0
       1
       0
       0
       0
       0
       0
       0
       3
       1
       0
       1
       0
       0
       0
       0
       1
       0
       1
       1
       0
       1
       0
       0
       0
       1
       1
       1
       0
       1
       0
       0
       0
       1
       1
       1
       0
       1
       0
       0
       0
       0
       0
       1
       1
       0
       0
       0
       0
       0
       0
       0
       1
       0
       3
       1
       2
       0
       1
       0
       0
       0
       0
       0
       0
       0
       0
       0
       0
       0
       0
       3
       0
       1
       0
       0
       0
       1
       0
       0
       0
       1
       0
       0
       0
       0
       1
       0
       1
       0
       0
       0
       0
       0
       0
       0
       1
       1
       0
       1
       0
       0
       0
       1
       1
       2
       0
       0
       0
       0
       0
       1
       0
       0
       0
       0
       0
       0
       0
       0
       0
       0
       0
       0
       0
       0
       0
       0
       0
       0
       0
       0
       0
       0
       0
       0
       0
       0
       0
       0
       0
       0
       0
       0
       0
       0
       0
       0
       0
       0
       0
       0
       0
       0
       0
       0
       0
       0
       0
       0
       0
       0
       0
       0
       0
       0
       0
       0
       0
       0
       0
       0
       0
       0
       0
       0
       0
       0
       0
       0
       0
       0
       0
       0
       0
       0
       0
       0
       0
       0
       0
       0
       0
       0
       0
       0
       0
       0
       0
       0
       0
       0
       0
       0
       0
       0
       0
       0
       0
       0
       0
       0
       0
       0
       0
       0
       0
       0
       0
       0
       0
       0
       0
       0
       0
       0
       0
       0
       0
       0
       0
       0
       0
       0
       0
       0
       0
       0
       0
       0
$ROI:
0
$PRESETS:
None
0
0
$ENER_FIT:
7.522899 0.090387
$MCA_CAL:
3
7.522899E+000 9.038746E-002 0.000000E+000 keV
$SHAPE_CAL:
3
0.000000E+000 0.000000E+000 0.000000E+000
