$SPEC_ID:
Cesio_23_maggio
$SPEC_REM:
DET# 9
DETDESC# COMPTON
AP# Maestro Version 7.01
$DATE_MEA:
04/04/2018 16:04:09
$MEAS_TIM:
598 625
$DATA:
0 8191
       0
       0
       0
       0
       0
       0
       0
       0
       0
       0
       1
       0
       0
       0
       0
       1
       0
       0
       0
       0
       0
       0
       0
       0
       0
       0
       0
       0
       0
       0
       0
       1
       1
       0
       0
       0
       0
       0
       0
       0
       0
       0
       0
       0
       0
       0
       0
       0
       0
       1
       0
       0
       1
       1
       1
       0
       0
       0
       0
       1
      10
      30
       7
       2
       1
       2
       3
       9
      35
      32
      24
      21
      35
      29
      33
      29
      28
      28
      23
      32
      31
      34
      26
      33
      27
      21
      26
      22
      31
      32
      32
      27
      28
      26
      22
      30
      39
      23
      36
      35
      21
      37
      30
      36
      27
      33
      36
      37
      30
      31
      35
      34
      25
      32
      25
      25
      28
      38
      30
      41
      26
      31
      35
      32
      39
      33
      44
      35
      29
      39
      28
      42
      28
      28
      39
      32
      37
      31
      40
      40
      36
      30
      33
      27
      38
      36
      32
      32
      39
      24
      30
      35
      41
      33
      34
      32
      32
      39
      36
      39
      35
      29
      36
      30
      27
      33
      27
      33
      34
      36
      33
      33
      27
      28
      29
      20
      33
      24
      25
      32
      39
      29
      31
      33
      24
      29
      30
      30
      33
      29
      37
      28
      21
      25
      31
      19
      37
      46
      32
      30
      20
      34
      37
      37
      32
      35
      31
      28
      31
      34
      23
      30
      31
      36
      28
      24
      32
      23
      21
      40
      41
      27
      35
      25
      28
      23
      32
      25
      21
      33
      40
      40
      29
      28
      28
      22
      28
      29
      33
      30
      32
      29
      24
      26
      36
      22
      31
      24
      29
      41
      30
      31
      34
      18
      29
      21
      27
      35
      30
      34
      22
      19
      19
      25
      34
      30
      40
      20
      30
      22
      29
      30
      31
      30
      29
      30
      32
      34
      30
      22
      19
      34
      30
      18
      20
      24
      27
      33
      31
      38
      25
      41
      35
      42
      28
      33
      25
      27
      31
      28
      23
      22
      24
      27
      28
      41
      23
      34
      26
      27
      27
      27
      31
      35
      23
      28
      29
      28
      27
      29
      32
      33
      23
      13
      29
      30
      31
      32
      31
      30
      34
      40
      24
      31
      33
      35
      29
      32
      30
      32
      31
      38
      37
      24
      32
      37
      32
      30
      22
      36
      35
      29
      30
      32
      36
      32
      37
      33
      38
      39
      43
      33
      33
      36
      35
      29
      44
      37
      39
      35
      28
      28
      44
      43
      21
      29
      20
      35
      38
      28
      44
      35
      30
      31
      33
      35
      35
      36
      33
      36
      39
      43
      34
      38
      30
      31
      39
      35
      41
      42
      35
      32
      37
      42
      32
      42
      35
      36
      31
      21
      34
      34
      42
      37
      32
      29
      25
      35
      19
      33
      30
      37
      20
      33
      32
      27
      44
      39
      25
      41
      33
      29
      27
      29
      36
      36
      33
      34
      30
      30
      37
      32
      23
      36
      38
      36
      29
      27
      25
      28
      38
      31
      29
      31
      21
      27
      28
      26
      42
      28
      29
      46
      30
      26
      23
      30
      26
      31
      30
      28
      27
      25
      21
      36
      26
      35
      31
      32
      34
      25
      31
      35
      23
      31
      33
      37
      36
      31
      32
      28
      24
      39
      23
      27
      44
      26
      36
      37
      35
      38
      46
      45
      34
      27
      39
      33
      25
      28
      34
      29
      32
      39
      29
      31
      30
      27
      33
      29
      33
      34
      29
      34
      30
      30
      28
      40
      37
      30
      37
      34
      29
      26
      36
      26
      33
      37
      29
      31
      32
      30
      34
      38
      33
      33
      25
      36
      35
      46
      32
      37
      41
      40
      32
      33
      35
      28
      37
      35
      46
      39
      42
      47
      25
      32
      28
      31
      25
      32
      36
      35
      22
      32
      31
      50
      40
      28
      42
      43
      51
      41
      34
      34
      31
      45
      39
      44
      27
      30
      34
      30
      36
      29
      35
      31
      48
      29
      30
      37
      50
      36
      45
      43
      31
      41
      39
      49
      35
      31
      29
      37
      47
      51
      47
      42
      36
      31
      31
      38
      48
      32
      35
      35
      36
      45
      43
      46
      38
      43
      36
      48
      35
      44
      30
      36
      35
      35
      40
      43
      40
      28
      46
      45
      25
      39
      44
      42
      37
      59
      40
      29
      32
      35
      42
      44
      38
      54
      45
      40
      30
      33
      40
      51
      37
      38
      42
      48
      41
      49
      48
      53
      55
      45
      42
      45
      49
      37
      47
      40
      44
      40
      53
      49
      45
      41
      45
      51
      40
      48
      50
      45
      42
      40
      50
      42
      41
      46
      55
      49
      54
      47
      55
      47
      55
      64
      66
      63
      44
      53
      49
      55
      44
      56
      71
      55
      40
      66
      67
      64
      59
      57
      63
      82
      89
      61
      65
      64
      63
      61
      58
      61
      66
      66
      76
      84
      67
      71
      62
      72
      63
      86
      96
      78
      83
      91
      90
      79
      76
      73
      98
      69
      73
      77
      86
      83
      83
      87
      78
      74
      75
      75
      87
      85
     108
      87
     101
      97
      89
      94
      89
      96
      95
     103
      95
      96
      99
     105
      77
      82
      95
      68
     101
      93
      80
      95
      86
      94
      92
      96
      85
      95
      80
      92
     102
      86
      96
      93
      84
     102
      90
      83
      89
      77
      91
      82
      97
      88
      70
      90
      80
      80
      79
      94
      93
      84
      82
      88
      85
      78
      97
      71
      87
      81
      80
      69
      79
      71
      81
      63
      65
      65
      83
      71
      78
      72
      74
      77
      68
      82
      73
      75
      66
      78
      52
      68
      76
      59
      66
      68
      50
      78
      62
      66
      62
      72
      64
      54
      69
      65
      66
      61
      57
      68
      66
      69
      72
      61
      64
      70
      58
      67
      62
      66
      48
      60
      45
      65
      55
      66
      57
      45
      60
      61
      61
      66
      75
      59
      59
      54
      67
      46
      62
      53
      55
      64
      66
      65
      68
      59
      63
      65
      57
      51
      57
      54
      55
      54
      74
      63
      60
      65
      44
      57
      54
      63
      53
      53
      49
      57
      48
      61
      55
      46
      50
      46
      61
      51
      69
      60
      65
      54
      59
      61
      66
      68
      43
      51
      63
      50
      52
      58
      54
      51
      52
      56
      54
      47
      64
      48
      65
      50
      46
      51
      52
      49
      51
      42
      58
      50
      48
      48
      60
      50
      39
      59
      47
      51
      39
      48
      44
      45
      47
      45
      42
      45
      45
      44
      51
      48
      49
      40
      40
      50
      53
      41
      38
      38
      35
      40
      52
      50
      39
      45
      50
      48
      35
      47
      47
      41
      39
      45
      51
      39
      47
      39
      49
      36
      38
      33
      47
      61
      43
      30
      38
      37
      41
      37
      33
      32
      41
      43
      28
      46
      41
      37
      37
      35
      37
      38
      37
      34
      36
      36
      31
      36
      40
      43
      36
      39
      44
      36
      35
      37
      35
      41
      28
      27
      33
      34
      30
      38
      39
      37
      38
      48
      45
      39
      38
      31
      50
      41
      26
      37
      31
      43
      35
      37
      45
      33
      35
      42
      29
      41
      50
      43
      26
      41
      36
      38
      31
      28
      32
      37
      45
      48
      43
      42
      34
      46
      46
      43
      42
      32
      22
      35
      32
      42
      40
      36
      33
      33
      44
      41
      37
      41
      45
      32
      28
      35
      34
      34
      42
      37
      41
      37
      37
      41
      26
      45
      34
      42
      41
      52
      25
      36
      44
      20
      34
      36
      43
      40
      37
      39
      35
      37
      38
      33
      46
      39
      32
      42
      44
      35
      35
      38
      49
      41
      34
      38
      49
      38
      34
      47
      35
      37
      29
      38
      44
      27
      39
      31
      37
      35
      34
      44
      43
      50
      38
      53
      37
      42
      45
      37
      36
      43
      38
      43
      32
      46
      36
      45
      40
      44
      38
      43
      35
      40
      52
      47
      42
      32
      43
      27
      39
      31
      45
      37
      37
      38
      41
      42
      42
      35
      28
      42
      40
      38
      47
      34
      25
      33
      37
      36
      43
      39
      41
      40
      35
      43
      40
      27
      32
      43
      29
      30
      44
      37
      43
      42
      47
      37
      37
      47
      35
      26
      34
      42
      49
      47
      45
      43
      39
      44
      43
      44
      38
      37
      38
      49
      36
      31
      39
      45
      26
      47
      34
      35
      36
      43
      46
      41
      39
      48
      51
      39
      38
      52
      53
      36
      32
      42
      48
      51
      32
      43
      34
      49
      38
      40
      43
      31
      51
      41
      41
      37
      43
      50
      36
      32
      43
      49
      42
      31
      36
      43
      45
      36
      39
      40
      36
      34
      38
      41
      39
      40
      40
      39
      40
      27
      37
      33
      35
      49
      34
      35
      33
      35
      33
      47
      42
      41
      38
      47
      34
      41
      43
      35
      38
      37
      30
      32
      39
      40
      35
      36
      40
      59
      30
      31
      50
      43
      48
      39
      33
      37
      35
      37
      36
      50
      43
      46
      36
      43
      39
      41
      44
      37
      45
      40
      30
      37
      40
      42
      42
      36
      44
      41
      33
      56
      39
      30
      32
      45
      41
      29
      34
      37
      43
      35
      47
      33
      31
      36
      36
      33
      44
      40
      32
      36
      43
      51
      33
      40
      42
      37
      42
      46
      42
      32
      54
      43
      38
      40
      32
      38
      31
      35
      30
      31
      43
      32
      39
      35
      50
      37
      40
      39
      49
      51
      41
      35
      47
      34
      35
      37
      40
      43
      40
      47
      41
      37
      27
      41
      31
      40
      34
      46
      52
      41
      40
      48
      39
      43
      28
      37
      40
      39
      37
      33
      26
      31
      36
      41
      42
      48
      32
      43
      42
      42
      34
      41
      33
      36
      26
      31
      40
      46
      53
      39
      42
      38
      46
      38
      43
      30
      48
      42
      48
      41
      44
      34
      50
      47
      48
      47
      48
      42
      32
      34
      46
      41
      54
      40
      43
      40
      42
      40
      31
      39
      48
      55
      47
      32
      53
      43
      39
      36
      38
      42
      49
      44
      42
      48
      41
      44
      38
      37
      37
      45
      38
      46
      40
      40
      36
      48
      34
      46
      36
      30
      47
      45
      41
      39
      46
      36
      34
      46
      25
      49
      41
      46
      37
      35
      41
      28
      34
      46
      43
      44
      42
      30
      36
      44
      38
      35
      41
      40
      33
      43
      38
      37
      34
      40
      50
      42
      39
      51
      41
      45
      31
      41
      45
      38
      40
      46
      34
      40
      43
      35
      37
      47
      36
      33
      36
      44
      41
      54
      44
      36
      45
      49
      48
      37
      43
      45
      21
      38
      42
      34
      47
      34
      40
      32
      32
      40
      44
      35
      51
      31
      44
      40
      40
      45
      51
      44
      38
      34
      40
      36
      42
      35
      35
      41
      45
      36
      36
      42
      46
      41
      55
      34
      40
      38
      35
      45
      39
      50
      45
      35
      37
      52
      47
      38
      48
      35
      44
      49
      30
      35
      51
      41
      36
      42
      45
      42
      39
      36
      33
      39
      30
      44
      46
      36
      41
      44
      35
      37
      37
      45
      40
      43
      47
      45
      35
      39
      54
      41
      34
      45
      37
      49
      35
      38
      26
      46
      49
      45
      37
      40
      42
      44
      49
      38
      32
      41
      38
      33
      33
      35
      38
      33
      43
      39
      37
      33
      33
      30
      37
      33
      40
      43
      41
      50
      38
      32
      39
      44
      42
      42
      44
      39
      35
      48
      40
      56
      35
      26
      32
      44
      35
      37
      32
      35
      43
      45
      33
      35
      56
      37
      30
      38
      40
      35
      41
      43
      29
      36
      29
      40
      40
      41
      36
      40
      44
      41
      39
      43
      47
      40
      44
      38
      34
      50
      52
      31
      37
      46
      43
      45
      29
      38
      45
      47
      41
      51
      41
      42
      45
      38
      47
      50
      37
      45
      39
      42
      41
      45
      43
      41
      38
      50
      35
      41
      31
      42
      46
      46
      41
      51
      46
      38
      47
      40
      41
      40
      49
      51
      44
      41
      47
      45
      53
      47
      43
      42
      39
      44
      51
      38
      38
      43
      48
      43
      54
      42
      49
      58
      36
      41
      47
      44
      51
      43
      59
      51
      42
      50
      57
      39
      49
      43
      48
      45
      55
      46
      41
      50
      45
      38
      41
      37
      47
      47
      42
      49
      52
      28
      51
      47
      38
      48
      48
      33
      38
      58
      41
      57
      47
      51
      42
      58
      56
      46
      53
      41
      56
      60
      46
      60
      38
      49
      44
      49
      58
      48
      40
      37
      59
      44
      59
      62
      60
      48
      46
      54
      58
      52
      46
      44
      65
      41
      63
      47
      42
      45
      54
      52
      70
      43
      54
      48
      47
      38
      49
      55
      63
      59
      35
      43
      42
      56
      44
      66
      56
      40
      53
      58
      47
      43
      50
      63
      58
      43
      61
      73
      56
      48
      57
      52
      40
      47
      62
      55
      60
      52
      57
      40
      53
      56
      54
      41
      51
      36
      67
      61
      54
      66
      50
      48
      49
      66
      36
      45
      46
      51
      58
      49
      47
      54
      52
      52
      54
      49
      38
      43
      56
      50
      56
      58
      56
      55
      48
      54
      48
      49
      63
      55
      60
      57
      48
      47
      55
      52
      51
      62
      60
      44
      50
      43
      50
      40
      47
      66
      47
      42
      56
      61
      53
      50
      57
      54
      49
      52
      55
      49
      61
      41
      52
      58
      45
      52
      52
      46
      51
      53
      64
      55
      46
      52
      47
      48
      53
      54
      57
      55
      66
      54
      70
      58
      52
      50
      46
      61
      42
      40
      41
      37
      46
      64
      48
      51
      48
      69
      47
      61
      44
      50
      51
      49
      38
      46
      45
      44
      49
      54
      60
      52
      59
      66
      58
      44
      47
      68
      68
      48
      51
      66
      51
      59
      43
      51
      45
      42
      58
      63
      55
      53
      43
      53
      39
      47
      45
      44
      50
      61
      46
      45
      59
      46
      56
      49
      49
      56
      62
      58
      59
      54
      42
      67
      50
      61
      50
      57
      52
      50
      50
      47
      44
      51
      44
      43
      56
      54
      47
      52
      44
      52
      51
      48
      48
      38
      52
      37
      43
      60
      50
      60
      50
      52
      54
      56
      56
      54
      53
      47
      55
      49
      63
      50
      40
      49
      51
      51
      54
      43
      61
      45
      47
      46
      63
      47
      47
      66
      54
      48
      55
      51
      54
      54
      57
      41
      54
      42
      45
      48
      60
      46
      47
      59
      35
      57
      55
      44
      50
      58
      46
      44
      41
      31
      52
      62
      56
      51
      53
      55
      51
      47
      47
      40
      56
      44
      58
      47
      63
      49
      57
      42
      54
      45
      47
      50
      54
      49
      35
      53
      43
      52
      52
      47
      56
      45
      46
      56
      50
      54
      53
      47
      53
      43
      55
      58
      49
      52
      58
      52
      52
      42
      51
      46
      55
      49
      43
      64
      52
      48
      50
      53
      42
      49
      46
      48
      40
      47
      52
      53
      39
      54
      59
      64
      57
      49
      46
      44
      32
      45
      50
      45
      36
      40
      53
      58
      38
      56
      52
      36
      61
      53
      45
      54
      54
      58
      43
      36
      48
      44
      44
      52
      51
      37
      50
      54
      78
      42
      47
      46
      44
      26
      53
      46
      56
      56
      60
      48
      54
      47
      49
      44
      44
      38
      46
      48
      41
      39
      49
      48
      45
      36
      62
      61
      60
      51
      42
      34
      41
      51
      60
      45
      44
      48
      53
      41
      47
      42
      47
      59
      43
      43
      48
      42
      66
      39
      40
      50
      44
      40
      47
      44
      48
      49
      45
      49
      37
      44
      62
      51
      44
      44
      61
      43
      54
      46
      41
      50
      57
      50
      47
      43
      44
      42
      54
      65
      44
      40
      52
      67
      43
      47
      33
      60
      51
      56
      57
      59
      37
      43
      52
      48
      50
      36
      41
      51
      52
      40
      45
      48
      59
      57
      55
      34
      44
      43
      47
      53
      38
      49
      50
      59
      42
      51
      54
      49
      46
      59
      54
      26
      44
      35
      33
      43
      55
      52
      59
      41
      43
      42
      51
      65
      52
      49
      50
      45
      33
      44
      45
      38
      58
      44
      47
      58
      30
      58
      49
      41
      56
      43
      53
      47
      49
      46
      53
      60
      48
      54
      45
      44
      55
      40
      59
      53
      37
      49
      44
      35
      46
      52
      49
      53
      54
      37
      40
      61
      46
      47
      50
      60
      52
      36
      42
      47
      46
      48
      51
      52
      53
      51
      48
      49
      46
      47
      48
      40
      53
      56
      52
      52
      53
      41
      40
      36
      55
      50
      42
      49
      43
      38
      48
      45
      45
      40
      45
      44
      48
      34
      49
      42
      54
      49
      44
      37
      38
      44
      50
      36
      53
      51
      46
      39
      43
      46
      38
      35
      58
      46
      50
      61
      29
      35
      44
      50
      49
      48
      46
      53
      46
      46
      41
      45
      42
      43
      36
      45
      43
      55
      61
      43
      39
      39
      49
      41
      50
      52
      61
      31
      52
      55
      46
      44
      44
      48
      38
      53
      40
      56
      53
      47
      45
      44
      51
      47
      41
      48
      43
      42
      45
      41
      54
      57
      41
      48
      35
      47
      43
      51
      49
      56
      48
      48
      37
      50
      44
      52
      50
      41
      40
      48
      36
      45
      43
      47
      48
      48
      54
      32
      41
      44
      56
      45
      39
      45
      37
      57
      46
      53
      44
      45
      47
      53
      45
      46
      55
      47
      44
      39
      41
      50
      44
      52
      38
      38
      33
      37
      50
      44
      47
      57
      52
      46
      41
      38
      56
      42
      48
      47
      37
      40
      52
      36
      40
      51
      66
      51
      43
      45
      40
      43
      40
      45
      48
      42
      39
      34
      40
      51
      49
      43
      35
      43
      34
      42
      44
      41
      39
      53
      46
      42
      33
      47
      43
      40
      37
      36
      37
      42
      46
      40
      46
      35
      47
      37
      43
      51
      38
      42
      43
      51
      56
      49
      48
      25
      42
      39
      31
      47
      45
      30
      40
      40
      37
      45
      46
      47
      45
      42
      36
      35
      43
      48
      40
      33
      44
      53
      40
      42
      36
      54
      50
      45
      30
      40
      45
      39
      38
      38
      44
      44
      52
      34
      54
      43
      46
      40
      43
      40
      45
      38
      43
      42
      48
      43
      52
      47
      48
      46
      42
      55
      38
      28
      45
      32
      36
      36
      35
      39
      51
      46
      37
      36
      46
      42
      49
      32
      34
      48
      49
      40
      56
      36
      36
      48
      51
      49
      38
      37
      36
      43
      28
      35
      48
      34
      37
      37
      42
      35
      27
      47
      37
      42
      32
      41
      52
      45
      38
      51
      48
      40
      48
      46
      43
      38
      38
      26
      46
      39
      32
      39
      43
      33
      42
      33
      53
      40
      39
      32
      44
      39
      46
      43
      37
      38
      53
      32
      36
      41
      46
      35
      49
      36
      44
      26
      50
      43
      30
      49
      43
      32
      41
      38
      39
      44
      39
      42
      40
      44
      35
      35
      50
      39
      46
      32
      45
      44
      44
      44
      41
      49
      39
      37
      39
      43
      38
      27
      47
      38
      35
      41
      47
      40
      37
      43
      45
      35
      39
      32
      36
      47
      41
      45
      45
      40
      35
      46
      47
      37
      34
      31
      28
      32
      49
      46
      48
      48
      34
      26
      32
      32
      32
      33
      53
      37
      37
      35
      31
      47
      38
      33
      41
      38
      33
      38
      30
      48
      44
      43
      37
      38
      42
      41
      43
      43
      37
      41
      39
      38
      39
      34
      30
      29
      40
      44
      32
      46
      41
      45
      40
      38
      38
      51
      36
      31
      41
      30
      44
      54
      40
      35
      32
      36
      22
      40
      45
      34
      32
      35
      38
      47
      45
      39
      40
      26
      34
      38
      35
      39
      38
      43
      37
      30
      36
      24
      43
      42
      37
      42
      44
      38
      38
      38
      30
      37
      44
      36
      37
      39
      29
      37
      30
      46
      40
      48
      31
      38
      35
      42
      39
      39
      43
      33
      33
      39
      43
      30
      46
      27
      41
      38
      37
      34
      46
      39
      31
      35
      22
      35
      35
      38
      36
      42
      34
      51
      24
      32
      33
      44
      41
      29
      41
      25
      38
      40
      27
      28
      37
      25
      25
      34
      36
      32
      39
      31
      32
      42
      41
      35
      39
      30
      30
      38
      32
      33
      52
      39
      39
      32
      30
      29
      42
      33
      34
      33
      48
      44
      42
      47
      29
      35
      40
      33
      50
      40
      29
      36
      38
      29
      57
      38
      37
      39
      45
      40
      45
      37
      40
      29
      28
      36
      33
      35
      34
      31
      25
      37
      37
      45
      34
      47
      37
      42
      29
      40
      42
      40
      35
      31
      38
      37
      42
      44
      41
      24
      30
      38
      32
      29
      35
      26
      26
      36
      34
      42
      41
      29
      28
      47
      41
      44
      43
      43
      35
      33
      34
      46
      32
      36
      35
      34
      31
      30
      38
      24
      37
      39
      38
      33
      49
      38
      38
      39
      33
      37
      35
      46
      37
      30
      28
      35
      46
      34
      41
      46
      42
      30
      42
      37
      39
      48
      28
      30
      35
      24
      33
      24
      34
      27
      36
      35
      43
      40
      30
      36
      25
      37
      34
      33
      36
      39
      34
      34
      39
      37
      43
      44
      32
      29
      38
      32
      30
      25
      31
      32
      39
      43
      30
      41
      48
      38
      39
      52
      32
      38
      29
      34
      28
      33
      26
      47
      28
      30
      33
      49
      36
      35
      37
      38
      34
      39
      38
      31
      39
      41
      32
      30
      23
      23
      38
      35
      33
      41
      37
      32
      36
      26
      31
      35
      34
      33
      38
      46
      30
      39
      29
      36
      30
      40
      40
      41
      25
      29
      44
      40
      49
      28
      28
      43
      16
      29
      37
      33
      37
      33
      36
      36
      43
      40
      32
      28
      27
      29
      33
      27
      33
      41
      33
      33
      29
      29
      37
      31
      45
      35
      34
      29
      32
      37
      29
      37
      28
      31
      27
      41
      35
      33
      31
      40
      46
      43
      30
      22
      35
      26
      36
      45
      41
      35
      39
      39
      29
      37
      40
      41
      39
      36
      44
      36
      34
      36
      30
      34
      26
      35
      33
      34
      32
      27
      45
      26
      42
      23
      32
      28
      23
      35
      30
      31
      30
      37
      34
      25
      36
      30
      34
      44
      34
      39
      24
      41
      29
      39
      27
      45
      39
      36
      31
      38
      27
      36
      31
      37
      30
      40
      37
      34
      38
      25
      31
      32
      29
      27
      21
      37
      27
      25
      38
      31
      42
      32
      32
      38
      27
      23
      31
      29
      36
      36
      31
      35
      32
      43
      34
      28
      24
      30
      27
      31
      24
      34
      45
      35
      27
      31
      30
      29
      40
      33
      39
      32
      46
      24
      35
      28
      40
      40
      30
      29
      43
      36
      50
      26
      37
      27
      27
      22
      39
      37
      38
      41
      34
      32
      45
      32
      33
      39
      36
      40
      41
      41
      39
      41
      36
      46
      36
      40
      39
      40
      34
      38
      29
      28
      28
      22
      30
      37
      37
      39
      37
      28
      26
      35
      29
      31
      28
      39
      29
      28
      37
      25
      33
      33
      30
      39
      27
      38
      32
      30
      35
      39
      29
      28
      34
      37
      35
      26
      26
      32
      35
      30
      30
      28
      33
      42
      47
      30
      36
      34
      42
      33
      30
      25
      29
      35
      27
      33
      27
      35
      25
      37
      36
      44
      31
      27
      40
      36
      28
      30
      25
      31
      32
      32
      33
      32
      31
      33
      35
      27
      23
      37
      39
      33
      33
      28
      28
      34
      33
      20
      32
      43
      30
      35
      34
      30
      33
      30
      34
      30
      29
      31
      37
      29
      22
      36
      29
      25
      29
      40
      40
      27
      33
      36
      27
      31
      32
      36
      26
      30
      25
      33
      29
      29
      33
      35
      38
      39
      33
      29
      32
      36
      24
      26
      20
      27
      27
      42
      40
      29
      42
      29
      36
      37
      40
      36
      38
      34
      34
      35
      32
      41
      40
      23
      27
      39
      37
      29
      34
      30
      26
      20
      35
      31
      33
      30
      32
      28
      24
      28
      35
      28
      27
      31
      25
      23
      34
      28
      36
      30
      26
      30
      28
      30
      27
      38
      31
      42
      27
      38
      33
      31
      29
      36
      23
      28
      27
      24
      36
      33
      36
      32
      31
      24
      31
      25
      29
      27
      37
      26
      42
      35
      28
      24
      30
      22
      34
      39
      31
      38
      26
      27
      23
      29
      36
      34
      23
      30
      37
      25
      30
      20
      33
      25
      41
      34
      24
      31
      29
      40
      26
      34
      26
      31
      30
      27
      37
      37
      30
      35
      34
      25
      23
      19
      26
      29
      38
      20
      35
      20
      31
      41
      20
      36
      35
      34
      30
      34
      22
      31
      25
      25
      26
      22
      32
      33
      26
      38
      28
      41
      34
      26
      23
      25
      38
      26
      21
      30
      25
      37
      22
      34
      24
      42
      32
      20
      26
      27
      24
      26
      26
      21
      30
      23
      33
      34
      22
      31
      37
      18
      28
      15
      24
      24
      26
      28
      19
      28
      30
      29
      30
      20
      25
      17
      27
      30
      22
      21
      23
      28
      27
      24
      13
      25
      23
      27
      23
      29
      21
      24
      30
      23
      23
      26
      24
      21
      39
      29
      17
      18
      22
      25
      24
      26
      26
      25
      26
      23
      30
      20
      27
      24
      33
      21
      26
      37
      22
      17
      16
      17
      22
      31
      24
      17
      23
      29
      34
      27
      16
      18
      18
      29
      19
      23
      19
      23
      16
      28
      21
      19
      21
      19
      21
      22
      27
      20
      25
      23
      22
      22
      27
      18
      24
      23
      26
      27
      22
      28
      26
      21
      18
      23
      16
      23
      24
      20
      25
      23
      26
      24
      21
      22
      11
      27
      14
      18
      24
      19
      18
      20
      20
      18
      21
      20
      13
      27
      21
      21
      16
      23
      25
      26
      21
      24
      21
      13
      16
      15
      30
      19
      33
      20
      19
      18
      15
      29
      12
      16
      20
      11
      18
      16
      19
      21
      10
      21
      18
      27
      12
      17
      12
      13
      16
      27
      22
      24
      15
      15
      26
      19
      15
      13
      20
      13
      13
      19
      19
      19
      18
      14
      14
      18
      13
      14
      31
      28
      16
      18
      23
      17
      22
      17
      15
      14
      23
      18
      23
      22
      20
      19
      16
      17
      14
      14
      24
      17
      13
      13
      18
      15
      11
      21
      19
      18
      18
      11
      17
      15
      19
       9
      18
      10
      19
      23
      21
      15
      11
      15
      16
      14
      10
      17
      16
      13
      18
      22
      19
      22
       9
      11
      16
      13
      13
      19
      19
      13
      19
      10
      17
      18
      10
       9
      16
      16
      21
      12
      11
      11
      21
      12
      11
      16
      11
      16
      17
      15
      12
      21
       9
      16
      21
      17
      19
      10
      15
      13
      16
      10
      15
       9
      16
      14
      16
      18
      13
      24
      17
      12
      18
      12
      24
      18
       8
      14
      14
      16
      11
       9
      13
      18
      12
      20
      18
      18
      11
      12
      23
      13
      17
      13
       7
      21
      15
      11
      13
      22
      11
      14
      11
      21
      17
      10
      12
      11
      15
      11
      13
      17
      13
      12
      18
      11
      15
      16
      10
      20
      22
      10
      17
       7
       5
      17
      12
      22
      14
      10
      10
      16
      12
      19
      16
       9
      16
      14
      10
      12
      17
      10
      10
      12
      14
      11
      13
      11
       8
      13
      13
      18
      15
      11
      14
      11
      18
      11
      21
      19
      16
      12
      12
      16
      16
      22
      15
      13
      14
      14
      16
      12
      19
      11
      16
      12
       9
      16
      16
      13
      21
      15
      14
      11
       7
      10
      12
      15
      10
      12
      12
      13
      21
      21
      11
      16
      12
      15
      10
      16
      12
      16
      16
      12
      12
       7
      12
      12
      16
      14
      10
      12
      13
       8
      15
      12
      10
       9
      11
      16
      17
      14
      18
      13
      19
      13
      11
      10
      16
      14
      14
      15
      11
      13
      10
      12
      19
      14
      12
      15
      15
      15
      16
      11
      13
      14
      14
      10
      12
      11
      11
      11
      19
      18
      15
      16
       8
      17
      11
      15
      10
      12
      11
       8
      11
       9
       6
      14
       7
       7
      11
      14
      14
      10
      10
      15
       8
      11
       9
       8
      14
      11
      13
      16
      16
      10
      13
      18
      18
      13
       9
      12
      11
       7
      25
      10
      12
       8
      13
      18
      17
       6
      18
      12
       9
      14
      12
       6
      11
      16
      10
      11
       9
      13
      11
      21
       8
      12
       9
      11
      18
       9
      16
      10
       8
      14
      12
      17
      13
      11
       8
      11
       8
      11
      13
      10
      10
      14
       9
       5
      13
       9
      12
      14
      11
       7
       7
      11
      16
       7
       8
      11
      10
      15
      11
      15
       8
      15
       9
      14
      13
      10
       9
      11
       9
       9
      11
       6
      11
      13
      23
      10
      12
       9
       6
      11
      14
      10
      14
      11
       8
      14
       9
       6
       7
      12
      11
       9
      12
      11
       9
      10
      10
      15
       7
      19
       8
      15
      11
      13
       3
      11
      17
       4
      12
      14
       7
      13
       8
       8
       8
      14
       7
      14
       3
      10
       9
      10
      13
      11
      11
      13
      13
       7
      17
       9
      13
       7
       8
       5
      16
       7
      15
      11
      12
       8
      14
      11
       8
      16
      15
       9
      16
       6
      13
       8
      15
      14
       9
      13
      15
      14
      15
      10
      10
       6
       6
      15
       6
      11
      11
      11
      15
      12
       4
      10
       7
      10
       9
      10
      11
       6
      10
      15
      13
      12
      15
      15
       8
      14
      11
       7
       9
      10
      13
       9
      13
      10
       8
       8
       6
       5
       9
       7
       6
       6
      12
       7
      10
      11
       9
      11
      10
      15
      14
       5
       9
      14
      16
       9
       9
       8
       9
       9
       8
      16
      11
      11
      12
      12
      14
      11
       7
      11
       8
       9
       7
      12
      10
       7
      16
       8
       5
       6
      13
      11
      12
      10
      14
      11
      11
       9
       8
      11
       6
       5
       7
      12
       9
      13
      10
      12
       8
       4
       9
       5
      13
      10
       5
      17
       9
      14
       9
      12
       9
      12
       6
       7
      13
      10
      11
       9
       8
       8
       6
       6
       8
      10
      10
       4
       8
      10
       7
       9
       8
       8
      11
       9
       6
       9
      12
       7
       8
      11
       9
       5
       9
       6
       7
      11
       6
       6
      14
       9
      10
      12
      12
       8
      17
       9
       7
      10
       8
      12
       4
       7
       7
       5
      10
      12
       9
       6
      11
      12
       9
      10
      16
      10
       5
       9
      11
       8
       8
      15
       9
      10
       8
       7
      10
       9
       8
       3
       8
       9
      16
       8
       6
       5
      10
      12
      12
      13
       8
       5
      13
       8
       9
       7
      11
       7
      11
       4
      10
       9
      10
      11
      10
       8
       7
      11
      10
       6
      10
       9
      11
      11
       8
       8
      11
      10
       6
       8
       9
       7
      15
       5
       9
       4
       5
      14
      12
      10
       9
       7
       7
       9
      17
       9
      10
      13
       6
       9
       4
       5
       8
       8
       4
       9
       9
       5
       9
      10
      12
      11
      10
      14
       8
       5
       7
      18
       9
      11
       7
      10
      13
       9
       8
       7
       8
      10
      10
       9
      14
       9
       2
       9
       9
      13
       8
      11
       8
       6
      13
      13
       9
       7
       6
       8
       9
      10
       7
       2
      14
       8
       5
      11
       5
      12
       8
       7
       5
       6
       8
       7
       4
       3
       8
       8
       4
      12
       6
       7
       9
       8
       9
       2
       5
       6
       8
      13
      13
       8
       6
       5
       5
       3
       6
      10
       5
       9
      11
      11
      13
      12
      13
       9
      13
       4
       4
       6
      11
      11
       4
       3
       8
       8
       7
      10
       6
       4
       7
       6
       5
      11
       9
       8
       7
       7
       5
      10
       5
      10
       9
       6
       5
      13
       8
       4
      13
       7
      13
       7
      13
       8
      10
       9
       5
       9
      11
       2
       5
       7
       8
      11
       6
       2
      10
      10
       8
       6
       2
       8
       4
       6
       9
       6
      10
      11
       6
       7
       8
      12
       7
      10
      13
      10
       6
      12
       6
       8
       6
       7
      10
      14
       3
       5
       4
      18
      11
       8
       8
       6
       5
       6
      10
      11
      12
      12
       6
      11
       7
      10
      11
       7
       6
      11
       4
      10
       5
      10
       7
       6
       7
      10
      14
       8
       7
       9
      10
       9
       5
       9
       8
      10
      11
       7
       5
       4
       2
       9
       7
       3
       6
       6
      13
       6
       8
      10
      11
       9
       8
       7
       7
      10
       5
       7
      12
       8
       7
      10
       6
       2
       3
       3
       7
      10
       8
      10
       4
       8
      10
       6
       7
       7
       5
      13
       6
       9
       9
       5
       6
       9
      19
       6
      11
      13
      13
       8
       9
       9
       5
       6
       5
       7
       5
       9
       2
       4
       6
       8
       8
      12
       8
      14
       6
      10
       6
       8
       8
       8
       6
       5
       3
       6
      10
       6
       9
       7
       5
       7
       5
       6
       4
       3
       4
       5
       7
      13
       4
      10
       9
       7
       5
       1
       9
      12
       3
       5
       6
      13
       7
       9
       8
      12
       7
      10
      12
       4
       5
       6
       9
      10
       8
       9
       4
      10
      12
       9
      12
       5
      12
      11
       8
       9
      10
      11
       5
       5
       3
      10
       8
       7
       7
      13
       6
       6
       5
       5
       5
       5
       8
      11
      13
       6
       3
       6
       5
       9
       5
      10
      12
       8
       6
      11
       3
       6
      11
      13
      10
       3
       9
      12
       4
       6
       7
      15
       5
       6
       9
       5
       3
       5
      12
       6
       9
       9
       9
       6
       6
      10
       4
       5
      13
       8
       8
      11
      11
       8
       7
       5
       7
       3
      10
       6
      10
       6
       8
       7
       9
       6
      15
      12
      11
       8
       7
       5
       6
       5
       5
       4
       8
       6
       9
       3
       9
       9
       6
      11
       4
       6
      11
      12
       7
       5
       6
      13
       8
       3
       6
       4
       9
       8
       7
       5
       9
       8
      12
       5
      12
       5
       8
       9
       8
       3
       8
       5
      12
      13
       9
       9
       6
      13
       5
      10
       7
       8
      11
       8
       5
      16
       7
      10
       6
       7
       6
       6
       8
       7
      10
       2
       8
      10
      10
       8
      10
       8
       9
      11
       7
      14
      10
       7
      13
      13
      11
       6
       9
       8
      12
       5
      10
      10
      10
      10
       7
      10
       8
       7
       9
       8
      11
       8
       7
       9
      11
      11
       8
       5
      11
       5
       8
      11
       8
       9
       7
       4
       7
      10
      15
       9
      15
       7
       4
      10
       4
       9
       8
       9
       6
       5
       5
       7
       4
       9
      12
       5
       9
      12
      13
      11
       5
       8
      11
       4
       4
       6
      11
      12
       7
      14
       8
      13
       9
      12
       2
       6
       8
       9
      17
       8
       7
       6
      15
      11
       5
       8
       5
       7
       7
       5
       9
       7
      10
      10
       9
       7
       7
      10
       6
      11
       9
      10
       5
      12
       5
      12
       6
       8
      11
       8
      11
       7
      10
       9
       8
       9
       5
       6
       7
       8
      14
      10
      10
       7
       5
       5
      13
      11
       9
       6
       8
      14
       6
       7
       9
       6
      17
       8
       5
      11
       9
       5
      11
       3
       4
      10
       6
       8
      12
      11
       8
      10
       3
       4
       8
       5
      10
       5
       9
      10
       7
       6
      14
       8
       7
      12
       8
      12
      13
       9
       7
       8
       5
       9
      14
      11
       5
      10
       6
       5
       9
      12
       6
      11
       4
       8
       7
      14
       5
       8
       9
       8
       4
       8
      10
       8
      10
       8
       8
      12
      12
      14
       7
       8
       9
      11
      11
       7
      10
       7
       8
      11
       7
       5
       4
       7
       8
       4
       8
       6
       4
      12
       7
       7
       7
       9
       8
      10
       8
       7
       9
       7
       4
       9
       8
       9
       8
       9
      12
      12
      10
       7
       8
       7
      16
      16
      15
       7
       7
      11
       7
      10
       8
      12
       6
       9
      12
      11
      11
       9
      12
       6
      16
       7
      10
      12
      17
      12
      10
      11
      19
      10
      14
      14
      13
      10
       7
      10
      18
      13
      10
      12
      16
      17
      22
      16
      15
      14
      15
      14
      10
      11
      11
      17
      10
      12
      14
      12
      11
      12
      17
       9
       8
      15
      18
      13
       9
      13
      16
      11
      17
      10
      18
      16
      20
      17
      15
       7
      16
      14
      20
      21
      21
      24
      21
      25
      15
      25
      21
      19
      20
      24
      21
      28
      27
      24
      21
      14
      24
      24
      27
      19
      28
      16
      28
      33
      30
      22
      17
      33
      20
      24
      30
      36
      30
      24
      34
      26
      31
      29
      28
      23
      36
      40
      32
      31
      38
      34
      31
      32
      27
      30
      31
      35
      37
      42
      30
      40
      39
      34
      37
      46
      40
      43
      47
      46
      45
      33
      43
      42
      57
      52
      55
      46
      40
      56
      57
      57
      54
      57
      51
      53
      69
      67
      67
      53
      65
      75
      68
      64
      55
      59
      59
      62
      77
      54
      74
      77
      70
      65
      66
      72
      66
      73
      76
      71
      87
      91
      73
      81
      89
      79
      91
      77
      82
      81
      86
      79
      85
      95
      92
      94
      88
      89
      96
     101
     117
     103
      92
      97
      82
     119
      93
      87
      96
     116
     126
     121
      98
     130
     120
     131
      94
     115
     125
     110
      89
     116
     125
     123
     138
     123
     129
     126
     140
     135
     143
     150
     124
     144
     138
     140
     150
     152
     145
     142
     153
     136
     136
     141
     162
     142
     157
     156
     133
     141
     158
     170
     171
     155
     159
     175
     170
     185
     173
     195
     179
     164
     186
     186
     183
     164
     164
     174
     164
     181
     179
     184
     217
     175
     190
     181
     178
     181
     209
     166
     195
     206
     187
     188
     207
     227
     211
     203
     191
     206
     208
     219
     239
     223
     185
     236
     232
     201
     215
     199
     229
     225
     215
     212
     231
     222
     218
     238
     203
     221
     228
     231
     203
     244
     222
     234
     248
     261
     201
     240
     224
     230
     245
     237
     230
     240
     210
     267
     243
     240
     245
     253
     227
     241
     235
     229
     237
     267
     227
     218
     245
     261
     208
     252
     263
     223
     249
     257
     237
     238
     264
     235
     211
     229
     254
     231
     221
     239
     230
     251
     235
     250
     230
     257
     261
     237
     226
     242
     265
     225
     251
     239
     227
     251
     238
     219
     243
     227
     210
     225
     238
     244
     244
     204
     233
     231
     237
     245
     224
     207
     244
     210
     245
     234
     231
     222
     233
     237
     200
     205
     214
     214
     233
     190
     201
     219
     218
     210
     213
     230
     196
     187
     222
     179
     208
     208
     211
     185
     214
     220
     221
     201
     199
     220
     209
     197
     214
     199
     189
     201
     194
     177
     218
     171
     197
     203
     184
     180
     208
     175
     158
     179
     180
     175
     185
     178
     179
     176
     181
     174
     167
     170
     159
     154
     152
     147
     162
     177
     158
     169
     171
     173
     152
     171
     172
     144
     158
     139
     125
     155
     130
     145
     141
     143
     151
     150
     135
     147
     137
     116
     143
     138
     125
     105
     128
     117
     128
     117
     137
     132
     133
     135
     115
     121
     113
     106
     105
     107
     103
     131
     100
     115
      93
     103
      93
      97
     106
     102
      94
      91
      95
     107
      78
     104
      84
      85
      82
     103
      96
     102
      73
      85
      77
      84
      93
      81
      65
      77
      70
      68
      76
      78
      79
      82
      86
      73
      73
      66
      67
      77
      62
      75
      63
      72
      74
      74
      75
      73
      63
      61
      54
      59
      65
      61
      75
      67
      37
      55
      54
      50
      59
      48
      46
      60
      48
      43
      56
      48
      58
      55
      51
      55
      44
      50
      40
      44
      40
      38
      36
      43
      39
      41
      34
      38
      36
      40
      38
      28
      40
      31
      30
      45
      47
      27
      34
      30
      33
      29
      38
      32
      33
      29
      41
      29
      29
      34
      27
      22
      26
      26
      27
      33
      27
      34
      27
      27
      26
      26
      20
      17
      24
      17
      14
      23
      15
      25
      19
      21
      22
      16
      19
      28
      15
      21
      18
      24
      21
      19
      22
      19
      16
      20
      14
      15
      17
      21
      18
      16
      12
      14
      20
      12
      14
      12
      14
      14
      18
       8
      12
      14
      18
      18
      18
      16
       8
      14
       6
      12
      16
      15
      16
      10
      10
      10
      10
      11
       9
      12
      11
      16
       7
      10
      16
      17
      16
       8
      13
      10
      13
      18
       6
      11
      13
       7
      14
       9
       7
       9
      11
      12
       7
       7
       9
       8
       6
      10
       6
      11
      10
      13
       5
       9
       7
       5
       7
      10
      13
       8
       7
       8
       6
       7
      10
       8
      11
       5
       8
       9
      11
      11
       6
       3
       7
       5
       7
       8
       5
       2
       9
       5
       4
       7
       6
       7
       9
       8
       3
       4
       4
       7
       9
       3
       5
       3
       7
       4
       5
       5
       3
       3
       5
       6
       3
       8
       7
       2
       6
       9
       4
       5
       5
       4
       2
       5
       6
       4
       4
       5
       6
       0
       2
       5
       5
       5
       5
       2
       2
       5
       3
       2
       6
       7
       8
       6
       1
       2
       5
       4
       4
       4
       1
       1
       6
       3
       3
       4
       4
       3
       2
       4
       9
       6
       6
       4
       8
       5
       5
       4
       4
       2
       3
       6
       4
       7
       0
       8
       7
       3
       6
       7
       5
       2
       7
       5
      11
       7
      10
       2
       8
       6
       2
       6
       1
       4
       4
       4
       7
       7
       2
       3
       3
       2
       2
       5
       4
       1
       8
       5
       5
       3
       2
       5
       1
       8
       4
       3
       4
       3
       6
       4
       3
       4
       7
       6
       2
       6
       2
       2
       4
       3
       4
       4
       2
       6
       2
       4
       0
       5
       0
       2
       3
       8
       3
       6
       1
       2
       3
       7
       4
       6
       1
       6
       1
       4
       4
       3
       4
       3
       4
       5
       8
       4
       6
       4
       4
       3
       4
       5
       4
       6
       3
       4
       2
       1
       2
       5
       4
       2
       4
       4
       8
      10
       5
       4
       6
       2
       4
       4
       7
       7
       4
       6
       6
       5
       7
       0
       5
       6
       3
       4
       5
       1
       6
       3
       4
       3
       7
       4
       4
       6
       4
       4
       2
       7
       7
       6
       1
       2
       4
       5
       3
       3
       4
       5
       3
       4
       3
       3
       2
       1
       9
       2
       5
       2
       3
       3
       6
       2
       7
       3
       7
       6
       6
       0
       4
      11
       2
       4
       5
       3
       5
       9
       7
       4
       3
       1
       8
       3
       1
       3
       7
       2
       5
       8
       2
       3
       4
       2
       6
       4
       6
       3
       7
       3
       2
       8
       5
       3
       5
       6
       4
       3
       3
       2
       4
       1
       1
       5
       4
       5
       4
       3
       7
       6
       5
       8
       5
       4
       3
       3
       4
       2
       7
       3
       3
       3
       2
       9
       3
       7
       8
       5
       7
       1
       3
       1
       5
       5
       6
      12
       7
       3
       3
       3
       2
       3
       3
       2
       2
       2
       3
       5
       2
       4
       5
       1
       7
       5
       4
       1
       5
       5
       5
       2
       4
       5
       3
       4
       5
       4
       4
       2
       3
       5
       2
       2
       4
       3
       6
       2
       4
       5
       3
       4
       8
       3
       7
       7
       0
       2
       5
       5
       4
       2
       5
       6
       4
       3
       7
       3
      10
       1
       4
       4
       3
       6
       2
       2
       6
       5
       4
       2
       3
       6
       4
       2
       5
       4
       3
       9
       6
       7
       5
       7
       1
       3
       1
       4
       1
       8
       0
       5
       4
       1
       4
       0
       2
       5
       3
       4
       1
       1
       4
       6
       2
       2
       6
       6
       4
       5
       4
       6
       2
       4
       5
       5
       3
       8
       2
       3
       2
       5
       7
       6
       2
       2
       4
       4
       4
       2
       2
       7
       3
       5
       3
       6
       4
       9
       5
       2
       5
       9
       3
       7
       3
       3
       3
       5
       6
       9
       8
       2
       1
       7
       7
       5
       3
       4
       2
       5
       3
       4
       5
       4
       2
       5
       5
       6
       7
       1
       4
       4
       1
       2
       5
       5
       6
       5
       4
       2
       7
       7
       4
       3
       2
       4
       4
       5
       7
       2
       8
       1
       4
       6
       6
       4
       2
       5
       2
       6
       4
       3
       2
       4
       4
       7
       6
      11
       3
       6
       2
       7
       7
       4
       5
       4
       7
       3
       3
       6
      11
       2
       3
      10
       4
       2
       2
       5
       1
       5
       4
       4
       7
       1
       3
       8
       0
       4
       3
       3
       4
       4
       6
       4
       2
       4
       4
       7
       1
       3
       4
       2
       6
       1
       8
       2
       7
       1
       4
       2
       3
       5
       7
       5
       2
       8
       0
       3
       7
       4
       4
       6
       6
       3
       4
       8
       3
       5
       4
       3
       2
       3
       3
       3
       2
       3
       2
       3
       5
       5
       3
       7
       5
       6
       4
       3
       2
       4
       3
       4
       4
       7
       6
       7
       8
       5
       2
       7
       5
       4
       5
      10
       6
       1
       5
       6
       1
       6
       3
       3
       3
       4
       4
       2
       8
       7
       1
       4
       5
       5
       4
       5
       3
       1
       1
       5
       5
       5
       3
       7
       2
       4
       4
       3
       8
       3
       4
       8
       5
       1
       4
       6
       2
       5
       3
       4
       6
       6
       5
       2
       4
       3
       5
       4
       4
       1
       3
       4
       1
       2
       0
       8
       3
       2
       4
       5
       1
       5
       3
       4
       3
       7
       6
       6
       1
       3
       7
       3
       3
       3
       2
       2
       1
       2
       2
       5
       3
       4
       4
       2
       5
       4
       6
       6
       4
       5
       5
       3
       2
       6
       1
       2
       4
       2
       5
       6
       7
       4
       4
       4
       3
       4
       2
       4
       6
       5
       5
       6
       8
       3
       4
       3
       7
       3
       3
       1
       3
       5
       4
       3
       5
       6
       4
       1
       4
       1
       4
       6
       3
       2
       4
       5
       5
       1
       6
       6
       1
       3
       5
       3
       6
       2
       9
       5
       4
       4
       4
       1
       4
       2
       6
       2
       4
       2
       2
       5
       4
       9
       7
       3
       4
       5
       6
       3
       1
       5
       1
       4
       5
       4
       1
       8
       2
       5
       5
       4
       6
       4
       6
       7
       4
       9
       5
       5
       1
       2
       6
       5
       6
       5
       1
       3
       4
       0
       3
       5
       2
       6
       1
       2
       2
       4
       3
       5
       7
       5
       5
       1
       6
       2
       2
       6
       1
       5
       4
       4
       3
       3
       5
       5
       2
       2
       8
       5
       5
       0
       5
       2
       3
       1
       4
       3
       3
       3
       5
       5
       6
       7
       3
       4
      11
       4
       8
       6
       5
       2
       4
       2
       5
       5
       0
       4
       6
       1
       4
       3
       6
       5
       3
       6
       7
       4
       4
       4
       3
       6
       2
       1
       6
       1
       5
       6
       3
       2
       3
       4
       1
       6
       4
       5
       4
       4
       4
       6
       2
       6
       5
       5
       1
       3
       5
       5
       5
       2
       3
       3
       6
       3
       3
       2
       5
       5
       3
       5
       4
       4
       6
       5
       3
       3
       3
       6
       3
       3
       4
       4
       4
       3
       4
       5
       4
       6
       6
       2
       4
       2
       4
       5
       6
       1
       6
       4
       4
       5
       6
       7
       6
       4
       3
       2
       2
       4
       2
       4
       9
       8
       4
       6
       7
       4
       4
       3
       6
       1
       1
       5
       5
       7
       3
      13
       6
       2
       3
       3
       4
       2
       3
       3
       1
       3
       3
       2
       2
       2
       3
       3
       4
       1
       4
       3
       3
       4
       4
       4
       6
       0
       2
       5
       4
       5
       1
       3
       2
       7
       2
       5
       3
       2
       1
       0
       4
       6
       1
       3
       7
       6
       5
       4
       3
       0
       4
       5
       3
       2
       5
       4
       7
       3
       2
       4
       5
       3
       2
       5
       4
       4
       3
       7
       2
       3
       4
       1
       6
       6
       6
       5
       9
       1
       2
       4
       4
       2
       6
       3
       5
       3
       5
       4
       4
       5
       3
       4
       1
       2
       1
       5
       5
       3
       2
       2
       4
       3
       2
       8
       5
       2
       1
       4
       3
       3
       1
       3
       3
       2
       3
       5
       3
       5
       4
       5
       6
       6
       0
       3
       3
       3
       8
       3
       3
       1
       3
       5
       8
       5
       3
       4
       2
       6
       2
       4
       1
       7
       4
       3
       3
       3
       4
       1
       2
       3
       2
       3
       2
       8
       6
       3
       5
       6
       4
       2
       2
       3
       5
       7
       4
       5
       3
       7
       1
       7
       2
       4
       3
       4
       6
       4
       0
       3
       4
       2
       3
       3
       6
       1
       2
       3
       3
       5
       3
       4
       3
       3
       4
       3
       5
       1
       1
       3
       3
       4
       6
       4
       4
       3
       0
       5
       7
       0
       6
       3
       2
       1
       4
       2
       2
       5
       3
       8
       1
       4
       1
       3
       0
       9
       6
       3
       5
       2
       2
       3
       4
       3
       4
       5
       5
       5
       4
       6
       6
       5
       2
       6
       3
       4
       5
       3
       8
       1
       1
       6
       6
       2
       7
       4
       3
       7
       6
       2
       3
       4
       3
       5
       1
       6
       4
       4
       2
       3
       8
       4
       6
       3
       5
       3
       6
       3
       4
       7
       0
       7
       4
       5
       9
       5
       2
       5
       7
       4
       3
       3
       1
       5
       6
      10
       4
       6
       7
       5
       7
       4
       7
       4
       3
       2
       2
       0
       6
       4
       1
       3
       3
       2
       6
       1
       6
       3
       2
       1
       3
       2
       3
       3
       3
       6
       4
       6
       2
       6
       4
       7
       2
       3
       3
       1
       6
       2
       5
       5
       2
       4
       3
       2
       3
       4
       6
       4
       5
       6
       3
       3
       2
       5
       1
      10
       1
       6
       2
       2
       3
       4
       5
       4
       5
       7
       3
       4
       2
       5
       2
       9
       4
       5
       2
       2
       3
       4
       3
       3
       3
       7
       5
       5
       7
       5
       6
       6
       6
       4
       2
       2
       6
       5
       2
       7
       3
       2
       4
       7
       4
       2
       3
       4
       2
       5
       5
       2
       1
       3
       3
       2
       4
       9
       5
       6
       2
       6
       1
       2
       3
       8
       2
       3
       4
       3
       3
       7
       3
       3
       1
       2
       5
       7
       7
       1
       2
       7
       4
       1
       1
       2
       3
       3
       5
       2
       5
       4
       4
       6
       2
       5
       6
       3
       8
       6
       7
       2
       2
       3
       6
       2
       5
       5
       3
       3
       2
       7
       6
       7
       8
       3
       4
       3
       6
       6
       6
       8
       4
       2
       5
       3
       9
       4
       4
       4
       1
       8
       3
       3
       2
       3
       5
       1
       5
       4
       1
       3
       3
       4
       4
       5
       7
       5
       5
       5
       2
       1
       4
       2
       2
       3
       1
       6
      12
       2
       2
       5
       0
       2
       7
       5
       3
       3
       2
       4
       9
       3
       2
       6
       4
       3
       4
       6
       6
       3
       3
       5
       3
       2
       6
       5
       4
       2
       4
       5
       4
       4
       2
       3
       2
       4
       2
       3
       4
       3
       3
       3
       2
       1
       7
       3
       2
       4
       8
       6
       4
       1
       3
       4
       4
       5
       8
       2
       2
       6
       2
       5
       4
       6
       6
       5
       2
       5
       3
       3
       3
       5
       6
       3
       4
       4
       3
       0
       3
       5
       3
       3
       2
       3
       4
       4
       3
       2
       9
       5
       2
       7
       3
       2
       3
       2
       6
       3
       6
       1
       5
      10
       4
       4
       2
       2
       4
       3
       2
       6
       3
       4
       4
       4
       4
       3
       3
       3
       4
       1
       3
       1
       5
       5
       4
       5
       2
       4
       3
       4
       3
       4
       5
       3
       2
       1
       3
       5
       5
       4
       2
       4
       5
       3
       1
       3
       5
       3
       2
       2
       8
       3
       5
       3
       5
       7
       3
       1
       4
       3
       1
       2
       5
       4
       2
       2
       4
       2
       6
       5
       4
       3
       3
       3
       4
       6
       7
       1
       2
       3
       5
       4
       7
       6
       2
       5
       5
       8
       5
       1
       4
       3
       7
       4
       2
       4
       6
       7
       6
       2
       7
       6
       7
       4
       6
       2
       4
       6
       4
       4
       1
       2
       8
       3
       4
       4
       5
       4
       4
       5
       0
       3
       2
       4
       3
       5
       3
      11
       0
       4
       8
       6
       7
       5
       2
       6
       1
       5
       1
       4
       0
       2
       9
       4
       4
       3
       4
       0
       5
       4
       5
       2
       3
       2
       6
       5
       3
       7
       3
       1
       2
       1
       4
       6
       3
       2
       2
       1
       2
       3
       0
       6
       3
       2
       3
       3
       3
       2
       2
       3
       4
       3
       4
       5
       4
       3
       2
       4
       5
       4
       3
       2
       3
       4
       3
       3
       7
       7
       3
       2
       4
       0
       2
       8
       4
       7
       1
       4
       4
       3
       7
       3
       3
       4
       6
       2
       4
       9
       7
       3
       3
       2
       3
       2
       1
       5
       2
       4
       5
       2
       2
       2
       1
       4
       4
       8
       4
       3
       3
       0
       7
       1
       6
       6
       9
       5
       4
       1
       6
       4
       3
       3
       2
       1
       2
       4
       0
       0
       0
       0
       0
       0
       0
       0
       0
       0
       0
       0
       0
       0
       0
       0
       0
       0
       0
       0
       0
       0
       0
       0
       0
       0
       0
       0
       0
       0
       0
       0
       0
       0
       0
       0
       0
       0
       0
       0
       0
       0
       0
       0
       0
       0
       0
       0
       0
       0
       0
       0
       0
       0
       0
       0
       0
       0
       0
       0
       0
       0
       0
       0
       0
       0
       0
       0
       0
       0
       0
       0
       0
       0
       0
       0
       0
       0
       0
       0
       0
       0
       0
       0
       0
       0
       0
       0
       0
       0
       0
       0
       0
       0
       0
       0
       0
       0
       0
       0
       0
       0
       0
       0
       0
       0
       0
       0
       0
       0
       0
       0
       0
       0
       0
       0
       0
       0
       0
       0
       0
       0
       0
       0
       0
       0
       0
       0
$ROI:
0
$PRESETS:
None
0
0
$ENER_FIT:
0.000000 0.088149
$MCA_CAL:
3
0.000000E+000 8.814904E-002 0.000000E+000 keV
$SHAPE_CAL:
3
0.000000E+000 0.000000E+000 0.000000E+000
